1.613934425120082760e-06
0.000000000000000000e+00
2.151912566826777049e-07
3.227868850240165309e-07
2.689890708533471444e-07
3.765846991946859703e-07
8.069672125600413801e-07
1.075956283413388524e-07
5.917759558773637282e-07
1.237349725925396684e-06
1.398743168437405214e-06
1.398743168437405214e-06
1.882923495973429746e-06
2.044316938485437852e-06
9.683606550720496985e-07
2.689890708533471126e-06
4.142431691141546203e-06
5.272185788725603796e-06
5.648770487920288814e-06
8.069672125600413801e-06
8.446256824795100513e-06
6.455737700480331041e-06
1.490199452527542986e-05
1.538617485281145418e-05
1.759188523380890226e-05
2.033557375651304176e-05
2.517737703187329174e-05
2.722169397035873001e-05
2.749068304121207742e-05
4.271546445151152519e-05
3.814265024700462601e-05
4.228508193814616798e-05
4.701928958516507696e-05
7.515554639642518342e-05
1.663966392298805324e-04
8.175115841374926487e-04
3.913253002774493743e-04
6.821293847770029499e-03
2.869989651032621089e-02
8.440543496930173750e-02
1.534635909054374303e-01
2.031722332209942583e-01
2.247526345996024577e-01
1.641196467451069563e-01
2.267727425217110904e-01
1.314292973686713439e-01
1.095433244055737665e-01
2.716011699225898135e-01
1.962509292366809710e-01
1.915102120541473940e-01
1.944471423253526232e-01
2.074986534365995117e-01
1.964934497829623483e-01
1.328184645261863417e-01
1.754745899886676341e-01
1.212761972936834132e-01
1.041084540267960545e-01
1.387411734838636945e-01
9.705152575295848683e-02
1.177900451376098501e-01
8.015099622905687282e-02
1.017504958316956254e-01
7.280259139804261259e-02
7.418573320037052943e-02
9.220993766885493548e-02
7.315426770927628553e-02
8.615897472219471998e-02
6.691910104689570427e-02
8.100390677491865754e-02
6.663822265911063802e-02
5.018980996549930740e-02
6.892064872311545742e-02
4.582261100675270871e-02
6.054180055947620126e-02
4.633756368399435249e-02
4.572265466802360317e-02
4.890796944725476353e-02
3.510436489390189596e-02
3.393862005863765990e-02
2.933013790333560689e-02
2.557144602067344327e-02
3.160815254657843576e-02
2.538363785140363565e-02
2.688459686676531249e-02
3.419900147922370209e-02
3.120735883100694483e-02
3.638997125913838449e-02
2.841331555423905544e-02
3.264645036007234741e-02
2.231570990269287139e-02
2.052155280010104638e-02
3.170262150826212710e-02
2.554185722287957705e-02
3.404653847386402560e-02
4.116248294984681255e-02
4.735224425706735518e-02
5.173343064749832271e-02
5.275257643914749162e-02
2.111983829149306074e-02
5.329749449888220719e-02
6.177952687010079824e-02
6.049747116059957242e-02
5.232219392578213446e-02
5.157365113941144580e-02
5.144550474605689983e-02
2.404192036598714124e-02
3.543193978438710645e-02
4.661994841057619937e-02
4.668719567828953643e-02
4.673157887498034097e-02
4.766836021313420463e-02
4.813946767182675918e-02
3.037881869496446285e-02
2.607693028262105667e-02
4.996837816237283819e-02
4.637242466757694748e-02
5.020777843543231672e-02
4.773146504915640187e-02
5.239347602955827382e-02
5.676610856753611101e-02
1.413257818700651598e-02
6.592195856124233311e-02
6.468503921783030908e-02
3.804350087548807879e-02
6.957827320353772438e-02
4.235012349547850885e-02
7.962786628406127998e-02
8.213963242987566693e-02
8.127354141954205857e-02
8.370595578945470849e-02
5.385446326899114011e-02
1.054733583701201183e-01
6.551045908065089574e-02
8.490903630775338551e-02
4.337362691007549259e-02
6.018022545043513055e-02
9.897485140737410925e-02
7.673822429151211377e-02
1.084207254172744050e-01
7.468078068636903322e-02
6.810523525373061993e-02
4.839549146946497266e-02
6.603735487263842630e-02
8.212806589982897532e-02
7.644577937368035592e-02
5.954395870223862242e-02
7.296393104274045971e-02
5.575933627314619973e-02
5.852034769201330117e-02
4.436770292032112678e-02
6.558313992759545741e-02
5.974887457641470806e-02
4.157554256704920626e-02
5.888681840214389507e-02
5.068184477390424991e-02
5.213723704066337838e-02
6.291186326276504426e-02
6.639640148441347534e-02
5.934340045101036548e-02
4.429712018812920205e-02
5.673990903203499775e-02
3.226932768273595847e-02
3.351383251794605445e-02
6.635040435329754571e-02
5.695203381330994630e-02
3.845822822492976634e-02
3.639545863618379173e-02
3.598196863646802718e-02
4.492773816583778973e-02
2.986811604504229986e-02
3.917330877088631008e-02
2.970236497958246916e-02
3.207495618013733035e-02
1.950116965872596142e-02
2.450490435473992590e-02
3.395965500397839232e-02
3.234572057885830992e-02
3.304751306471469252e-02
3.195923708185621770e-02
2.871904853217097445e-02
2.249776170584641757e-02
1.392728572813124385e-02
2.901310738442785045e-02
2.148964446610224580e-02
2.565714593864731885e-02
2.383786525683779384e-02
2.018962028666801758e-02
2.350458779805049761e-02
1.847470736434958516e-02
2.253649613204929819e-02
2.481983675889502458e-02
1.179129731429898360e-02
2.366377553018150781e-02
2.041056790946695759e-02
1.616489821293189480e-02
1.627695905984940031e-02
1.266217633009377938e-02
1.459733750362693025e-02
1.457119176593998401e-02
1.353375471747279672e-02
1.584006701096939487e-02
8.535883983203434652e-03
1.556849564503585449e-02
1.270478419891695084e-02
1.348296958089568488e-02
1.412025848756143405e-02
1.254430531924584369e-02
1.065944510196226852e-02
8.526038983210202163e-03
1.147916239648075903e-02
6.595827208580754518e-03
9.225894747756440209e-03
1.025983493830253702e-02
1.069877130412102799e-02
1.039190857209153045e-02
1.106680215086257822e-02
1.057234644081995502e-02
7.074681552513882067e-03
9.007421824409353114e-03
1.095770018372446176e-02
1.064578045716291742e-02
9.937962616119422679e-03
1.095232040230739376e-02
1.357577081034008933e-02
1.517980643765276874e-02
2.638406200372140492e-02
2.219305088638374654e-02
5.483955504427026617e-02
1.426077837817522204e-02
9.924835949461778203e-03
4.493839013304358823e-03
3.422078959396281875e-03
2.192099534012267002e-03
1.457920764025141466e-03
1.466904998991643309e-03
1.055513114028534122e-03
1.102855190498723157e-03
7.715144530215702892e-04
5.906999995939503411e-04
5.311458193070192667e-04
3.681922401840615920e-04
3.100906008797386058e-04
2.641472675779868440e-04
2.099190708939520931e-04
1.616086337686909716e-04
1.121146447316750890e-04
8.602270485890041061e-05
6.219027318129385592e-05
4.755726772687177178e-05
3.507617483927646690e-05
2.942740435135617470e-05
2.862043713879613586e-05
2.420901637680124310e-05
2.291786883670517824e-05
2.114254096907308399e-05
