6.049484730287191751e-07
3.024742365143595876e-07
2.592636312980225036e-07
3.888954469470337554e-07
4.321060521633708394e-07
3.888954469470337554e-07
9.506333147594159525e-07
7.345802886777305328e-07
1.296318156490112730e-06
1.728424208653483357e-06
2.506215102547551080e-06
2.290162076465865343e-06
2.981531759927259109e-06
4.364271126850046219e-06
7.691487728508001576e-06
1.002486041019020432e-05
1.140759977711299101e-05
1.482123758920362032e-05
8.944595279781776057e-06
1.296318156490112560e-05
1.551260727266501197e-05
2.065466929340912549e-05
2.367941165855272327e-05
3.366106146352658510e-05
3.331537662179589944e-05
2.774120854888840852e-05
3.063631909838299410e-05
4.286492037460638388e-05
4.887119449967724204e-05
5.902568672551645687e-05
8.685331648483755375e-05
1.766881647296023408e-04
5.005084402208325378e-04
8.388474790647519391e-04
3.401884527471785852e-03
1.606626475730194015e-02
4.870552503927780275e-02
1.088665272062483147e-01
2.102712310507134641e-01
3.063447400554025757e-01
2.843632027076153923e-01
3.250350552356770506e-01
3.214608468146024634e-01
3.171988119796942951e-01
2.143529048194486586e-01
1.317132272916770042e-01
9.823654548060851976e-02
1.111820971185813883e-01
8.301573942496942582e-02
1.012238242510295483e-01
9.653162784119272144e-02
8.718603814500333615e-02
8.146983681274976019e-02
7.652866089565639462e-02
7.674022001879558796e-02
7.858427580700798332e-02
8.014240702050387521e-02
9.211472619718917565e-02
9.401175818739680723e-02
1.017181535747044424e-01
9.434085015672442898e-02
7.953663754597604940e-02
5.907788513661779706e-02
6.458823114562074752e-02
5.859487699150957990e-02
5.562540099043767478e-02
5.273746340140900851e-02
5.403218276550611487e-02
4.815968867418503330e-02
3.802706101458528526e-02
3.067300490221166326e-02
2.558443761072537806e-02
2.139910160007618342e-02
1.754268471633374515e-02
1.453492411904017123e-02
1.010384939652566802e-02
7.335432341525383731e-03
6.551894437137543992e-03
5.565871636705947527e-03
4.802297031928054460e-03
4.533743120508520498e-03
4.358437695145840791e-03
4.149860103766581272e-03
3.647191133284931851e-03
3.331062345522209887e-03
3.169195418381810618e-03
3.003223483745859953e-03
2.897443922176266753e-03
3.146553061248450172e-03
2.917277589970565695e-03
2.643538405925070431e-03
1.993175586813980896e-03
2.470523142638856532e-03
2.508246000992718928e-03
2.533480994439059591e-03
2.499387826923369672e-03
2.402812124264856047e-03
2.609445238409380512e-03
2.010286986479650154e-03
5.559130782292198703e-03
8.424944541450107155e-03
1.551126774390330747e-02
1.679060413254339704e-02
1.561834362362939099e-02
1.790824643646395792e-02
2.529868587842973998e-02
2.968871052598872143e-02
9.245902829955295749e-03
4.002516261039393286e-02
4.422341859200281527e-02
4.560892343765944601e-02
4.473485931534337823e-02
4.684539490592493083e-02
3.101493042128854183e-02
2.788704434149354844e-02
3.961729770775692522e-02
4.524552224779004872e-02
3.907725156376314068e-02
3.486015575827994262e-02
3.744185978814043581e-02
3.906428838219824784e-02
2.889285759911422446e-02
3.292557375213931575e-02
5.872377422686991810e-02
8.102584784415188535e-02
6.192399485979704910e-02
6.988589455574889531e-02
9.680035459503312512e-02
7.579291392063781940e-02
6.552374074855445152e-02
8.579940982361108914e-02
1.073472423268418963e-01
1.079303694442363681e-01
7.107107503562258566e-02
1.002263074296104034e-01
8.624391731947153583e-02
1.004689349779001317e-01
1.088272487661066518e-01
9.446266085282928326e-02
9.987802995156673525e-02
7.969163398688705602e-02
7.008950292752827438e-02
7.051318291167445185e-02
7.004326757994679131e-02
5.649790953096595764e-02
6.190135250266369515e-02
6.292259194634661212e-02
6.610328138571595902e-02
4.904684560988165770e-02
5.390026078778063778e-02
5.512009617303783443e-02
4.271428820482223859e-02
4.816396652410145224e-02
5.820952481419029018e-02
4.993469391526172974e-02
4.889863323398961625e-02
5.988886177531801275e-02
5.047171531689036844e-02
4.071584092417186718e-02
3.319235602874497787e-02
2.866181049302247291e-02
2.752251967588852793e-02
3.294778400322051493e-02
3.079658723313038679e-02
2.852496250630233085e-02
2.549352249735020379e-02
2.631703021156315755e-02
1.783919588932825206e-02
2.204544583290215035e-02
2.526779029570005650e-02
2.302844389096860706e-02
2.476201016164283203e-02
2.296816509669181647e-02
1.999099760789140728e-02
1.372805248783550737e-02
1.575903735421378335e-02
1.832756214948329590e-02
1.640762853851100364e-02
1.529214676485126170e-02
1.485161464467070654e-02
1.049862148578212424e-02
8.655473120279264312e-03
8.289133609255159088e-03
1.206535160971607297e-02
1.144683500664942476e-02
1.062760514235288993e-02
9.953260437346733713e-03
9.862172481550694064e-03
6.830429998362051724e-03
5.363646004293490602e-03
8.459556236228392770e-03
8.861242022319464062e-03
8.563218478142385973e-03
7.838058101401815941e-03
6.805929585204388912e-03
3.816749548153838649e-03
4.217873596377095732e-03
5.353275459041568866e-03
5.325620671703112929e-03
4.909027226812407232e-03
4.432587093697074390e-03
4.254084083548386082e-03
4.188922490882150337e-03
3.574510895311052653e-03
2.259223283130968197e-03
2.604043912757338358e-03
3.129312029767131881e-03
3.142145579516383933e-03
3.203979955580962477e-03
2.948086751489814323e-03
2.570901378556407577e-03
2.358564464523326982e-03
2.053540802301203737e-03
1.712695548354736808e-03
1.658941555465613324e-03
1.689102557906616573e-03
1.830314815753606144e-03
1.827592547624976894e-03
1.844531104869781210e-03
1.955279886039253123e-03
2.249068790905129050e-03
2.897055026729319655e-03
1.910842099634772057e-02
1.679362887490854286e-02
9.502314561309038732e-03
9.452579154705036124e-03
9.102573252452705529e-03
7.774063195076421490e-03
4.349795574102572823e-03
2.174228022670433077e-03
1.077370019858932661e-03
5.112678809197003949e-04
2.424547058688673916e-04
1.076376175938956880e-04
4.671066423886039229e-05
2.138924958208685792e-05
1.171007401362734943e-05
6.524801387666900204e-06
3.456848417306966715e-06
2.160530260816854409e-06
1.037054525192090014e-06
1.037054525192090014e-06
7.345802886777305328e-07
8.642121043267416787e-08
1.728424208653483357e-07
1.728424208653483357e-07
0.000000000000000000e+00
0.000000000000000000e+00
0.000000000000000000e+00
0.000000000000000000e+00
0.000000000000000000e+00
0.000000000000000000e+00
0.000000000000000000e+00
0.000000000000000000e+00
0.000000000000000000e+00
