3.557256429681837677e-05
8.404506949248297828e-06
1.088025318236019953e-05
1.371433110710671980e-05
1.677643829016617748e-05
2.016430155652983047e-05
1.892642843997387878e-05
2.443170624781481828e-05
2.720063295590049882e-05
2.680972565593546037e-05
3.257560833041975545e-05
3.619150085509635601e-05
4.260889569618904173e-05
4.172935427126771030e-05
4.935204662058592954e-05
5.778912917816464385e-05
6.293607529437096647e-05
7.459814307666124290e-05
8.795414249213334582e-05
1.060010295071858830e-04
1.174676436394936504e-04
1.537568713195812474e-04
2.323292386125537111e-04
3.064061719559282360e-04
5.322854401190588907e-04
9.029632873109053265e-04
1.818631061870673972e-03
4.513578563437970620e-03
1.137302440957445836e-02
3.011768095506459769e-02
1.063710884178194482e-01
2.022346211881870803e-01
3.578758285716414633e-01
2.375655396224103655e-01
3.576511220253781875e-01
3.145391286341341908e-01
2.524387805714801147e-01
2.591215037424240419e-01
2.090068295552146571e-01
2.215243979634784477e-01
1.837282877932422676e-01
1.514896741310007011e-01
1.153749865603474756e-01
8.319409687606742210e-02
5.655122348600036958e-02
3.153563203447110747e-02
2.238615349831444071e-02
1.661082389741432019e-02
1.137400167782437119e-02
9.104621923485678794e-03
6.207184440536493708e-03
5.007945995460420449e-03
3.840240739248194316e-03
3.122241756037412354e-03
2.630252343423082530e-03
2.263809325314190823e-03
2.299284162786017702e-03
2.040340652167511263e-03
2.676705160902261276e-03
2.129402365342878637e-03
2.475290174595275519e-03
1.977632606131453190e-03
1.657153771376783380e-03
1.127865287224123205e-03
1.071346606770844870e-03
8.242931931929414931e-04
9.580160653893146335e-04
8.345545098170238218e-04
1.035415710782391962e-03
9.561918313228111614e-04
1.005315848685084130e-03
9.403275100658967708e-04
1.098710117768397602e-03
1.380391403001537216e-03
1.549817141928050467e-03
2.353164218964532307e-03
2.906493502065041895e-03
3.950053114930038821e-03
6.039061725943197130e-03
7.332769435177487194e-03
1.142977111928604982e-02
1.366686844576929689e-02
1.568645843543033103e-02
1.619340005226832177e-02
1.523574231857064386e-02
1.507035595507710130e-02
1.299141320703804323e-02
1.207020757906210155e-02
1.023913263480920842e-02
1.041204396382707648e-02
8.450210527735877233e-03
7.104512147606236588e-03
7.885903264628015344e-03
7.231296415228230176e-03
7.837593637474002742e-03
7.722992647367585457e-03
7.739150149099473415e-03
7.371273804224043498e-03
7.255923575126026724e-03
7.479033916581071841e-03
7.601583355120111567e-03
8.655176255350878131e-03
9.077421290529777767e-03
7.931639418723924334e-03
9.765450714076574085e-03
8.083604631585333822e-03
9.408063715083538753e-03
8.260587911644502734e-03
1.011091504042067532e-02
9.125372585992157226e-03
1.127787105764130327e-02
1.054710243596499591e-02
1.132676704574526322e-02
1.041298865646865870e-02
1.476473159772110320e-02
1.761379430229961796e-02
2.444030620841404836e-02
2.878491509144213631e-02
2.995183853305442845e-02
4.091226028751579480e-02
2.850453683054220838e-02
5.035566853763782935e-02
5.866225320824489109e-02
6.161412453271421230e-02
6.889767222370443700e-02
6.294190632826211773e-02
7.277530976131595108e-02
6.523610869614859809e-02
7.671464550110528025e-02
7.438164558369728119e-02
6.368850669558701050e-02
7.383629732463772855e-02
1.033884005678695761e-01
6.830235298146601630e-02
1.037923055355584462e-01
1.186277262033565427e-01
1.077035611009669602e-01
1.185996786045840634e-01
9.507920984859608016e-02
1.334047388054182270e-01
1.844871040136910889e-01
8.233918261104387903e-02
1.156269914663916182e-01
8.965699984199770878e-02
7.807415593916701424e-02
5.706999004866229741e-02
4.387774821626722749e-02
3.828213824652602904e-02
2.952197080552620978e-02
3.047949823679057049e-02
2.194918428817018916e-02
2.507487905869062658e-02
1.355611137744586886e-02
1.205245387252202455e-02
9.129705141900102891e-03
8.920928068110442477e-03
7.258497048184131203e-03
6.473164282554371395e-03
5.421395616390108085e-03
4.551757176401222647e-03
3.048946637293967459e-03
2.203348996252931652e-03
1.417201840414911585e-03
1.700935388972867795e-03
9.783432449874966599e-04
1.607475968672893553e-03
6.465932497505017407e-04
1.407266279874133533e-03
8.176151934852054484e-04
9.432593148156346100e-04
1.065450421663039025e-03
5.287672744193734837e-04
1.324719688364849740e-03
3.143220447802202392e-04
1.317096996015531792e-03
2.846456655912078370e-04
9.865197226784320084e-04
3.345514975534108959e-04
7.138293053444882182e-04
3.717528422667502560e-04
5.556421512919698007e-04
4.402919221939534606e-04
3.811346174659111245e-04
4.749849450658505195e-04
2.816161340164787907e-04
5.116976556542335731e-04
2.264004778964173183e-04
5.096453923294170857e-04
2.257489657298089277e-04
5.059643485880797572e-04
2.214489854301935116e-04
4.801970423987176988e-04
2.486496183860940510e-04
4.336464980945478544e-04
2.721040563839962224e-04
3.946534949230353522e-04
3.071554109475278880e-04
3.518817211851942061e-04
3.552370088432274748e-04
3.060152646559631908e-04
4.492176388764884611e-04
2.617450129349227408e-04
5.536224635754838060e-04
2.374761847287600676e-04
5.369111765019784479e-04
2.796941731249840031e-04
5.962965104883337451e-04
3.817209784158587466e-04
5.483452150259558039e-04
6.885180576717519737e-04
4.460252292601073307e-04
1.413748825931886947e-03
3.788543248827817844e-04
2.807919711257191898e-03
4.012337678057801898e-04
4.073514670502330175e-03
3.255280540458846340e-04
2.570117770445127636e-03
2.143475028141620102e-04
1.066134509437977919e-02
1.174350680311632390e-04
3.584945696762694822e-04
6.736635802730805533e-05
9.772682499125927313e-07
2.925289628071693881e-05
1.462644814035846940e-05
1.074995074903852131e-06
3.550741308015753619e-06
1.303024333216790326e-07
7.166633832692347190e-07
0.000000000000000000e+00
2.931804749737778300e-07
0.000000000000000000e+00
6.515121666083951630e-08
0.000000000000000000e+00
0.000000000000000000e+00
0.000000000000000000e+00
0.000000000000000000e+00
0.000000000000000000e+00
0.000000000000000000e+00
0.000000000000000000e+00
0.000000000000000000e+00
0.000000000000000000e+00
0.000000000000000000e+00
0.000000000000000000e+00
0.000000000000000000e+00
0.000000000000000000e+00
0.000000000000000000e+00
0.000000000000000000e+00
0.000000000000000000e+00
0.000000000000000000e+00
0.000000000000000000e+00
0.000000000000000000e+00
0.000000000000000000e+00
0.000000000000000000e+00
