5.574647154211701677e-02
1.580257714846086681e-02
1.353253020302518962e-02
1.732464728168671766e-02
1.191617947300892266e-02
1.712041618282216307e-02
1.943642818375676887e-02
1.648944133006415708e-02
1.974616997819840167e-02
1.753514634266476260e-02
1.947586411205414272e-02
1.443172160122296183e-02
1.969054181444118007e-02
2.094413423713920377e-02
1.907158055573402941e-02
2.027502928152413383e-02
1.809116681514894714e-02
2.027555161170025919e-02
1.412250213695744744e-02
2.073415750633728419e-02
2.073520216668953489e-02
1.971326317710258083e-02
2.063595943322594009e-02
1.813060274344632447e-02
2.120294883940873620e-02
1.526327124161265189e-02
2.147273237537687327e-02
2.188537321451497139e-02
2.064927885271710881e-02
2.216638684926977923e-02
1.868375039996182652e-02
2.246881602124567792e-02
1.725778901914282182e-02
2.273886072230187766e-02
2.378090942366960919e-02
2.235076940144161556e-02
2.450381438742547241e-02
2.087910413021174666e-02
2.446385612895197667e-02
2.065580797991865836e-02
2.496973290452823846e-02
2.640170108237267430e-02
2.429984445364898049e-02
2.711650992839860844e-02
2.428783085959812515e-02
2.755108863493392624e-02
2.533170771658229542e-02
2.845680916033324626e-02
3.036723177950742536e-02
2.754560416808462045e-02
2.977621518522292204e-02
2.588563886836198549e-02
2.921027043939237663e-02
2.692533708393716335e-02
2.842912566099866506e-02
3.083079981081763427e-02
2.694361864010150903e-02
3.050094830459522052e-02
2.660671567650140998e-02
2.915699276142771218e-02
2.861977617528399520e-02
2.909561896573311518e-02
3.251191948267330434e-02
2.760514980816277872e-02
3.293265643954132460e-02
2.650956226374231312e-02
3.272894767085289536e-02
2.721131285536514816e-02
3.293683508095032048e-02
2.930167822021410851e-02
3.241711655570676809e-02
2.969133653160274319e-02
3.124605230083635915e-02
3.090131438459440064e-02
3.075401727492738102e-02
3.226433497919043575e-02
3.199167862725361966e-02
3.203189805081518154e-02
3.285038943680176904e-02
3.126485618717683018e-02
3.498933150803027609e-02
3.126511735226489286e-02
3.707369007585380183e-02
3.292456032181140246e-02
3.819043199240729214e-02
3.446726249699415962e-02
3.866731944320866976e-02
3.699560171452324214e-02
3.711730464556017156e-02
4.206403257854419986e-02
3.767907074998172456e-02
4.501049710206067589e-02
4.008152839506488180e-02
4.446884070941990730e-02
4.411966298668090064e-02
4.161012765549228914e-02
4.892431711175913855e-02
4.286084726222162689e-02
5.137979126971889410e-02
4.506952041196271574e-02
4.978250559113116258e-02
5.029151634776417995e-02
4.677597309736040293e-02
5.778199223847294008e-02
4.978537840709984508e-02
6.335865036386273408e-02
5.790839614109499073e-02
6.387183976190473345e-02
6.987550280627602417e-02
6.372976595399895694e-02
8.390059036538631554e-02
7.024505140588388485e-02
9.439159195284042847e-02
8.714948406087870414e-02
9.663186607823701091e-02
1.096141214407153758e-01
9.530410277052935031e-02
1.278228125454922703e-01
9.766294584590613781e-02
1.369241546993680003e-01
1.165049622892335990e-01
1.350492505321702619e-01
1.413354942018247573e-01
1.248047887878467876e-01
1.579476831232780876e-01
1.121388043470115947e-01
1.626551838355972390e-01
1.205488425127869689e-01
1.544757544425806872e-01
1.441333557902338969e-01
1.390691035676219212e-01
1.598087455408085111e-01
1.204652696846071069e-01
1.603289863962281958e-01
1.062383015124248320e-01
1.500698994069732395e-01
1.139907259864598732e-01
1.308267333883824102e-01
1.349737738217203220e-01
1.032599748481647650e-01
1.257157326150073473e-01
8.623253343669269599e-02
1.085261076838487104e-01
9.724403704465454934e-02
1.010648822830029075e-01
1.150923203279057561e-01
9.266581305092613796e-02
1.226943137112170290e-01
6.016460133686337558e-02
1.276616736861579671e-01
1.166452079415229437e-01
1.295895943662322969e-01
1.144234765373787488e-01
1.140411308484558378e-01
9.599201161248488434e-02
1.049930663725447966e-01
3.560019664900750114e-02
1.097292952445507591e-01
9.105259630196661791e-02
8.076922095952186742e-02
6.351456592143578384e-02
5.419906839534915227e-02
5.258193417006869902e-02
3.437846636705305103e-02
5.847538554727779031e-02
2.719120314358436721e-02
5.009250855066086500e-02
5.241008754212383991e-02
5.050880570103183365e-02
5.911785166391052976e-02
5.529413360959348905e-02
1.124587315798876580e-01
1.898278442579292083e-02
1.122777441738606330e-01
1.059118451523472088e-01
1.266838715964535012e-01
1.432352090523883736e-01
1.584632230071126580e-01
1.484895894591095333e-01
1.644713258579810072e-02
8.144825018848329823e-02
5.922701867072047849e-02
2.125779350790177324e-02
1.265658249766494527e-02
9.389146080920151780e-03
8.804919778925258955e-03
6.851927250396959088e-03
8.100818701509868505e-03
5.393842563746318111e-03
7.388360341276490641e-03
6.759213644134919041e-03
6.656836929614579068e-03
6.835996180025172286e-03
6.313143673724870390e-03
6.261694151376638595e-03
4.822413351066468651e-03
6.475327193411427838e-03
5.138423107621596132e-03
6.214684435525463617e-03
5.812490199909846507e-03
6.165324233881728025e-03
6.291205806327655921e-03
5.622884345976770538e-03
6.259604830672142392e-03
4.674593911223326285e-03
6.315755324605491945e-03
5.148347380967954398e-03
5.849836807502725028e-03
6.201365016034296636e-03
6.377912615564268299e-03
6.421004855094513547e-03
6.212595114820966546e-03
6.232443661513685680e-03
5.158010489226252590e-03
6.510845645387871965e-03
5.978330030829272744e-03
6.684259263861098456e-03
6.971279695641333964e-03
7.408208887969208040e-03
6.528604871376094028e-03
7.194837011022482340e-03
7.429885590278362435e-03
6.348400960613253576e-03
8.188309006010668911e-03
7.190397204525427258e-03
8.972848930549183130e-03
7.597814741902284875e-03
1.018648309477370936e-02
9.073658654541148783e-03
1.046854138988076444e-02
1.221678048936838783e-02
1.098434243880338883e-02
1.552704798055536128e-02
9.044146999590132324e-03
1.769158423041395159e-02
1.666833941538668762e-02
2.154429160950588340e-02
2.319642195658665543e-02
2.541998151634728212e-02
3.189165239852583683e-02
9.468540267691026580e-03
3.743984352931685466e-02
3.288355740298565255e-02
4.211731025650886084e-02
4.294833756672242903e-02
4.707422362792730575e-02
5.133173689351547275e-02
2.790418383399386956e-02
5.870730014547691916e-02
2.611572531094468602e-02
5.166863985711556834e-02
4.594886326346776795e-02
5.237169627417870982e-02
4.227583746496255124e-02
2.706767205693099906e-02
