1.038057365506381280e-02
8.720534357564924122e-03
1.072208212616567249e-02
1.177279841469860977e-02
1.264582758894396489e-02
1.317657797222783304e-02
1.209607598245593559e-02
5.337546307364174347e-03
1.239033816883392848e-02
1.538945015565326528e-02
1.609942829294397360e-02
1.644863996264211634e-02
1.615540486941029197e-02
1.412689590572255641e-02
8.200825225602396268e-03
1.665328827201668915e-02
1.896245043789565252e-02
1.945134677547305166e-02
1.869335203359884581e-02
1.723256880645713390e-02
1.546237376903140601e-02
1.041677868846634103e-02
1.812203147104122711e-02
1.954327161205535526e-02
1.941976366122829048e-02
1.840910400539602296e-02
1.676087627907810185e-02
1.574199987807646181e-02
1.147879300160715987e-02
1.917505871915305138e-02
2.032591658943766130e-02
2.039704278981000277e-02
1.888002621291542601e-02
1.667408690822664782e-02
1.640652914364910259e-02
1.292981884386024995e-02
1.994127020619661933e-02
2.112884665645684695e-02
2.071338747883067280e-02
1.869155462059304829e-02
1.687077524571839807e-02
1.678167491528806052e-02
1.475881496390426748e-02
2.152196655815379750e-02
2.259091375003127039e-02
2.148396411174546827e-02
1.961131653298918420e-02
1.810148960811780797e-02
1.879118265577163494e-02
1.758126692958219064e-02
2.370582336019989508e-02
2.435623009501268824e-02
2.325878106832897016e-02
2.095064599559617532e-02
1.931500016031884731e-02
2.015670299360598772e-02
1.979953135202502240e-02
2.545367912169640631e-02
2.603629770886191006e-02
2.454367459418889397e-02
2.189274718392153138e-02
1.961722231857966625e-02
2.093626669154978123e-02
2.155560385869089920e-02
2.672265270379068497e-02
2.702025294289373339e-02
2.550092540642027658e-02
2.350528342341000679e-02
2.081121810100346192e-02
2.295424795048926422e-02
2.531579186682294744e-02
2.971662922487916872e-02
2.951942734081433248e-02
2.800985718922949577e-02
2.514067248540079180e-02
2.191328904684495052e-02
2.406710337436555186e-02
2.638165777926191474e-02
2.994438713004258720e-02
2.914171383630994802e-02
2.719614264417552149e-02
2.468823795451246389e-02
2.204270278326249735e-02
2.452236241140584930e-02
2.808945690805774928e-02
3.164551015338831069e-02
3.218730178799351915e-02
3.073037016014994877e-02
2.868722511912927611e-02
2.656473713256689642e-02
2.467642638333149632e-02
2.858451580451217694e-02
3.298843444200690728e-02
3.562832060095293130e-02
3.367735716980110872e-02
3.010307302112600822e-02
2.888314313676139389e-02
2.825173762515276882e-02
3.248413170723694204e-02
3.643073712139903442e-02
3.841405398665524717e-02
3.558081754294252497e-02
3.050235548169998728e-02
3.083949880693061946e-02
3.033442575230102523e-02
3.547322953588111227e-02
3.897921199033584083e-02
4.060664108044379633e-02
3.698023195460051898e-02
3.208356538023025145e-02
3.180753409719679070e-02
3.343085481472006515e-02
3.989871712944543375e-02
4.410158228357718285e-02
4.540085511348351116e-02
4.027797127366907620e-02
3.435626573942014705e-02
3.639170758184453319e-02
4.027617386066327521e-02
4.794881643584723158e-02
5.265675464460857491e-02
5.472609056085660922e-02
4.686754412621570859e-02
4.010618994497197609e-02
4.684340743728068746e-02
5.487681648005720420e-02
6.525328176253633594e-02
7.244832602475077821e-02
7.605162555480521336e-02
6.411654642301158058e-02
5.456868853620590321e-02
7.122043616850334824e-02
8.827506108738635004e-02
1.027049494712293509e-01
1.135636349858357708e-01
1.190400956412195621e-01
9.756101022191840388e-02
7.937067705665680484e-02
1.091437964045753883e-01
1.350627487214872413e-01
1.491809143354673461e-01
1.563700528120913202e-01
1.584342532626084876e-01
1.309623361086860449e-01
1.015579432002428756e-01
1.242608101032067897e-01
1.546532666182664773e-01
1.709154891748785599e-01
1.745860633060071776e-01
1.726751565075560213e-01
1.485823758045362042e-01
1.184240965268035101e-01
1.172318981573855085e-01
1.395878643502301564e-01
1.589085135228529566e-01
1.526550569023907844e-01
1.392971969898637863e-01
1.024892599105334395e-01
7.382026569474869904e-02
9.186783291269252916e-02
1.102024726649911551e-01
1.233531165352781539e-01
1.294553336899666451e-01
1.276394330075363015e-01
1.005999220681518813e-01
5.821281501882064058e-02
1.116655668517117506e-01
1.273603204450643456e-01
1.269150755661992147e-01
1.236309452313174295e-01
1.182849254054973431e-01
1.148955180231330253e-01
9.665999275943988611e-02
3.614443490690386063e-02
1.023030992777899523e-01
1.066245936903044561e-01
9.802268859112228672e-02
8.869154735815869273e-02
7.598306708729829495e-02
4.144731682058476474e-02
4.253654910209912071e-02
6.263316714665410900e-02
7.495674426098691834e-02
8.159304985168433499e-02
9.735148322009952448e-02
3.642483133580854543e-02
6.597558501758110650e-02
1.170765503190271534e-01
1.191710500173563808e-01
1.261878936187101341e-01
1.263558233481091031e-01
1.377378128206896424e-01
1.343874349778798327e-01
1.512266271093534557e-02
7.435152962460564452e-02
5.830756436155491024e-02
2.247202771836197613e-02
1.444195672831051144e-02
1.196358096659987623e-02
1.032716481146292095e-02
8.160255046328640516e-03
4.687653119124470663e-03
6.379789077441201314e-03
8.043423200951688515e-03
8.221110315239272409e-03
8.205960691333251053e-03
8.111211348598974455e-03
7.328823144503211415e-03
4.595471509255622325e-03
5.295178715084620201e-03
7.013505548628712512e-03
7.885250856441353498e-03
8.094777858260239836e-03
7.951755137655927910e-03
7.482116796569234646e-03
4.779321182420232135e-03
5.481082574541572272e-03
7.303145815848935754e-03
8.124563559499198284e-03
8.432691503350499274e-03
8.532062765242544658e-03
8.050356079688342562e-03
5.490839959430196711e-03
5.693690855798970267e-03
8.118401000622173236e-03
8.778308347037043491e-03
9.302639398157341866e-03
9.878581879872732827e-03
9.694475433421580884e-03
6.030577407743060309e-03
8.360024663258901548e-03
9.757128115338012039e-03
1.092262206295556079e-02
1.248097913898352056e-02
1.377049458400121662e-02
1.407528447512746209e-02
9.761236487922696561e-03
1.395768230989088456e-02
1.465507855614099630e-02
1.719071476075066662e-02
2.368142989797833789e-02
2.926368114741775481e-02
3.330503590431412031e-02
2.724287538232629882e-02
2.748758032440154139e-02
3.791257575803724800e-02
5.404487103165869777e-02
6.082137483680844642e-02
6.509613651117217292e-02
6.277644664054496393e-02
3.601348053076706274e-02
4.205818046926997067e-02
7.204904356417679567e-02
7.248889620402453049e-02
5.568847683881884836e-02
