3.090348706979495833e-02
8.529893393871432195e-03
9.243766349148259398e-03
8.617690360552623247e-03
1.117294791166978905e-02
7.392452334457073893e-03
1.261767835446831777e-02
8.869584038768899351e-03
1.095972670687261029e-02
1.377445565059222388e-02
1.212460431837484101e-02
1.412695001979736437e-02
1.027642590963655581e-02
1.505587328334389435e-02
1.116118938934641466e-02
1.255679533888284967e-02
1.602085601534877085e-02
1.288211445649618987e-02
1.571356663196460390e-02
1.257168946715912262e-02
1.695265358435212727e-02
1.310526508014421554e-02
1.503836615010687057e-02
1.784891428588928491e-02
1.436839167817063889e-02
1.572689295726442671e-02
1.425132905592904967e-02
1.696780901312447409e-02
1.308200933599354410e-02
1.531978678437961698e-02
1.781938732983281287e-02
1.531403817346596759e-02
1.559676531021908855e-02
1.530123444915829252e-02
1.658813939232753679e-02
1.327092959465575074e-02
1.566000003026923187e-02
1.830932575997338760e-02
1.651941736185981793e-02
1.622048959435004947e-02
1.681886773036173760e-02
1.685388199683578864e-02
1.367280975761906055e-02
1.652751767723814255e-02
1.880501280102761172e-02
1.705011866938809309e-02
1.679221507976209199e-02
1.770964112148132319e-02
1.697068331858129706e-02
1.409507135927621710e-02
1.700778798902394598e-02
1.931167446291698689e-02
1.799184565724229815e-02
1.806814540209618694e-02
1.959335639768580717e-02
1.844467941694022395e-02
1.493854936060622952e-02
1.887634783645607967e-02
2.064535219488365311e-02
2.048569759178184291e-02
1.985570209574508138e-02
2.207936931734310465e-02
2.049614961162484275e-02
1.731298696843951504e-02
2.091214000137620044e-02
2.154762280783053402e-02
2.168637337124634454e-02
2.045303502977247057e-02
2.323745311594738877e-02
2.169316718414429287e-02
1.849563301367484341e-02
2.185151528476572680e-02
2.161765134077862568e-02
2.291135009684582002e-02
2.049092360170334109e-02
2.405767537312672802e-02
2.310784806989419835e-02
1.961635084134040474e-02
2.299287585162121048e-02
2.286823551499345131e-02
2.412482960061800019e-02
2.184289236839525444e-02
2.535660013911542054e-02
2.535738404060364909e-02
2.159335039464365530e-02
2.541983485916556734e-02
2.418074790677804051e-02
2.583660915040515010e-02
2.227064128046998479e-02
2.537071036590346843e-02
2.548515998318430856e-02
2.326802527398815976e-02
2.678904945859842540e-02
2.195551288220356709e-02
2.879818897291889709e-02
2.231323326133020576e-02
2.342558947312136861e-02
2.939003459652871422e-02
2.467748014981656357e-02
2.433282479549367730e-02
2.840702213029466447e-02
2.676448721196738115e-02
2.854133058527719841e-02
2.474907648574110886e-02
2.726931977038422883e-02
2.900069685737700215e-02
2.492911252753676754e-02
3.004798924564549417e-02
2.904642444419011996e-02
3.141276173664508259e-02
2.750736452230852919e-02
2.925807784601084857e-02
3.227740507815717030e-02
2.651520653871185240e-02
3.235030791656208493e-02
3.046424093589292920e-02
3.353138615882096663e-02
2.878590784960336976e-02
2.969810788140110625e-02
3.415563304394408223e-02
2.788625024161723795e-02
3.377936032959611562e-02
3.375009467403571745e-02
3.583056922378465708e-02
3.080131857582964552e-02
3.050239080831987706e-02
3.772813342628111161e-02
2.986664670136945920e-02
3.638922968439294720e-02
3.773335943620261673e-02
3.969206795478061323e-02
3.512479658388615450e-02
3.379660616233706033e-02
4.363927324848915906e-02
3.315041003554365651e-02
4.154704017641685371e-02
4.499986493155154477e-02
4.788801931466822592e-02
4.401632986432534728e-02
4.017338346855071213e-02
5.510749072072367027e-02
4.128573968034187497e-02
5.229432957998050857e-02
6.070088913970454747e-02
6.520100628310773749e-02
6.261465397295766511e-02
5.555614367248440377e-02
8.123597252524455969e-02
6.044429205255893306e-02
7.804340306420053108e-02
9.638513008568723450e-02
1.035599191069138530e-01
1.034530472040191967e-01
9.057380705297982115e-02
1.337531914283770218e-01
9.760357429888483205e-02
1.269515395155454696e-01
1.562856558059141365e-01
1.644021718149949463e-01
1.548181922199571015e-01
1.338454305034914860e-01
1.921867761636390504e-01
1.430581020936068370e-01
1.764345370582553474e-01
1.831653765366505759e-01
1.935060823683215914e-01
1.510468421601069977e-01
1.361987027711426823e-01
1.692210755636096298e-01
1.130798800804133364e-01
1.215865177301341110e-01
1.226244033005439021e-01
1.127221597012867116e-01
9.715335354414764146e-02
7.584664979369823423e-02
1.069568255558885073e-01
7.142257109465285914e-02
9.429002270815808884e-02
1.175784294208400971e-01
1.243084849977471040e-01
1.310108427220701699e-01
7.961355774511505445e-02
1.391208262187491329e-01
1.047490976645510524e-01
1.285099356741365995e-01
1.429770989398235770e-01
1.286944138243655555e-01
1.323779669175344231e-01
1.132928399847144552e-01
4.350104528606550669e-02
1.172337740665172073e-01
9.156962324352153904e-02
9.186045069565298982e-02
7.986388362035487520e-02
6.672778508167381828e-02
5.861231427457728321e-02
3.934610609797734720e-02
5.979705072378121988e-02
2.816845477737821291e-02
4.839232927209293628e-02
4.598261609728952759e-02
4.398941591322962780e-02
4.743022084554487233e-02
4.761914110420709112e-02
6.901651612679450543e-02
7.261279485427436786e-02
7.336847588892318750e-02
1.225640428859505887e-01
1.190673196474752865e-01
1.299664246392585043e-01
1.763919450773951125e-01
1.825285872277158661e-01
2.945509842005137810e-02
7.854562261765662967e-02
6.927259061294797904e-02
2.742270316158023843e-02
1.272846976480410466e-02
8.208232483203140029e-03
1.029053613642460369e-02
8.369454889281398649e-03
9.734749981273134803e-03
8.899110994825369658e-03
8.955551901977564649e-03
6.148400672644124473e-03
7.232797731355264555e-03
8.867754935296373597e-03
8.152836778035245716e-03
9.039429361217630327e-03
7.865667532848849910e-03
9.122000317977321457e-03
6.755401725026288426e-03
9.332085916821599922e-03
9.916092525549166301e-03
9.285313128024181434e-03
9.889962475941670161e-03
9.119648613512647967e-03
1.024480854961148414e-02
9.693725803389363974e-03
1.235324225244044394e-02
1.260095512271951906e-02
1.150061873374780448e-02
1.382567054782291895e-02
1.369998500921085563e-02
1.240367324818291220e-02
1.451393605448440122e-02
1.861766034534185696e-02
1.737151827956030792e-02
1.666914254611077950e-02
2.190142367951604732e-02
2.384968017825104744e-02
2.728761080510947595e-02
2.029782253510393694e-02
3.759042806484960697e-02
3.240309061676922842e-02
3.205974176492671496e-02
