3.925601281662768221e-04
4.335450699099525906e-03
1.603649732637153075e-02
5.685320926366028288e-02
6.670580847457039178e-03
9.036896282311972228e-02
2.710083179985805502e-01
3.160977083191528203e-02
2.967835634899192443e-01
2.115147257822229676e-01
2.185535469692043709e-01
1.664983665673658852e-01
1.436854004642292848e-01
1.200596942858010857e-01
8.298428411093915213e-02
1.287616590128554117e-01
4.505588783887380655e-02
1.293190771773020387e-01
8.194398542334062341e-02
1.234999758914688134e-01
1.139968929350225479e-01
1.083694086269546969e-01
1.183211522269594362e-01
8.512944729668989186e-02
1.267192989454640206e-01
5.590158095588877024e-02
1.350673712908947444e-01
9.439485633050918867e-02
1.247652505589521288e-01
1.234836192194618959e-01
1.226865901580716650e-01
1.335263288725578035e-01
1.007903868250076135e-01
1.347180702557994048e-01
8.304268029959546715e-02
1.229347380899662306e-01
8.210152600109156540e-02
1.080055444145900517e-01
9.372502191590965925e-02
9.843638911201052499e-02
9.670459059338223917e-02
8.996061994126254568e-02
1.088062322052449904e-01
7.552542645641137364e-02
1.227228904915607099e-01
9.296788017748369715e-02
1.251966936530296004e-01
1.099791060238470425e-01
1.197753894999964708e-01
1.082947275060809483e-01
1.037265529298302263e-01
1.174564008042773694e-01
8.512449725121411237e-02
1.256437042814294580e-01
8.749456467706009932e-02
1.249852047535716104e-01
8.954237696845379624e-02
1.192504694601951576e-01
1.000854716533406130e-01
1.059118186579137422e-01
9.490076532609188764e-02
8.667952892850436242e-02
9.373434808854519407e-02
5.697875389529240275e-02
8.532099253466575439e-02
5.726528261457166508e-02
7.660410593139459212e-02
6.511332862715901726e-02
7.326088826092587436e-02
6.522108179099413150e-02
6.373714424510242005e-02
6.478655388596797626e-02
4.627919472949723612e-02
6.129110438217161977e-02
4.513881903554051861e-02
5.582338458532934422e-02
4.628873612150127131e-02
5.041657186977602234e-02
4.679672557097960123e-02
4.507174233235421157e-02
4.901477638286646371e-02
4.118488053702364093e-02
5.002666611382138723e-02
4.018231697870424529e-02
4.594976561609454002e-02
3.933585920234571737e-02
4.318182931765895960e-02
3.907695030202552183e-02
4.149867037631444627e-02
3.866939655785289753e-02
3.662301906224926795e-02
3.776482955199605973e-02
3.114604483256096235e-02
3.562267943740449888e-02
2.956518683104925396e-02
3.337234572024079526e-02
2.832322759515477212e-02
3.109618567885563331e-02
2.832695806420898466e-02
2.695220847794246866e-02
2.899765335628254337e-02
2.425450543343138712e-02
2.858184953631695210e-02
2.351788127480358356e-02
2.693628224467256929e-02
2.458895633209936052e-02
2.378209891954707542e-02
2.525972336396242746e-02
2.285012731409968856e-02
2.612720089864565415e-02
2.077211257132476757e-02
2.550930609164709165e-02
2.039411562042781761e-02
2.352383567733242267e-02
1.986926732041603347e-02
2.288054498484941301e-02
2.152946952911924741e-02
2.164353579443071759e-02
2.056901722723874365e-02
2.140722492780430808e-02
1.719358839128269645e-02
2.070725980161308363e-02
1.590456785347354324e-02
1.985427370440968203e-02
1.701022148931028918e-02
1.891663465559147161e-02
1.847471755224639606e-02
1.724746497320025010e-02
1.826243951510384683e-02
1.534729316860592233e-02
1.828726148227225942e-02
1.441941073116026657e-02
1.739101629199789681e-02
1.613564171546615772e-02
1.555605595606276807e-02
1.547807480487184244e-02
1.364046009672506381e-02
1.462365391187835616e-02
1.230696088942338957e-02
1.399923078403492172e-02
1.259420700659769077e-02
1.255166531142177730e-02
1.223421674286626244e-02
1.116299820599147251e-02
1.140555043430473842e-02
1.051949229413995379e-02
1.120231161063970325e-02
1.084088655111819371e-02
1.051454224866417431e-02
1.026689649529612114e-02
9.689462929577853309e-03
9.715647952746838886e-03
8.818900583945949931e-03
9.028811208034863076e-03
8.626279249127521281e-03
7.886928978498564807e-03
7.895107314502028753e-03
7.240123036329858611e-03
7.766549611710732610e-03
7.201670509155677115e-03
7.581102255842709151e-03
7.262290631286616970e-03
6.681126596514137470e-03
7.022464514974508312e-03
6.117036631643627334e-03
6.610032465115603210e-03
5.963298262736402636e-03
6.550847138774744567e-03
6.217902775686351066e-03
5.986685434114730545e-03
6.038051123399644678e-03
5.307309627511177207e-03
5.683369604091517008e-03
4.969989137263035317e-03
5.239515526429829560e-03
4.857572887110155405e-03
5.068559608041628591e-03
4.491986919797409140e-03
4.692499631461287922e-03
4.565807163197098048e-03
4.468025830103049267e-03
4.308906976983020026e-03
4.552104863401820918e-03
4.563224530774952041e-03
4.183075386192879400e-03
4.413862289027475731e-03
4.153446853127697701e-03
4.555189674350495870e-03
3.923449087977645862e-03
4.489619506743774795e-03
4.312422226668719168e-03
4.120159590797809086e-03
4.437823378721835604e-03
4.265432664543552556e-03
4.378494572801969187e-03
3.868496409217527399e-03
4.450521321464056580e-03
4.146775052703818853e-03
3.966636441259096917e-03
4.195988548303612037e-03
4.512432759806069005e-03
4.724065138843078909e-03
4.129916202170362885e-03
4.777511282023611840e-03
4.979028350740547643e-03
4.560354939194788751e-03
5.471378526106986800e-03
4.466519294523464169e-03
6.172850187877794610e-03
3.955086335148941604e-03
7.801128190251694662e-03
6.267690189602176214e-03
4.147994629125388404e-03
5.241022062009415526e-03
3.668629355659185770e-03
3.382961513853974863e-03
2.699711758617201647e-03
1.101851426993027353e-03
6.416406773244114721e-04
6.194730823676536553e-04
3.698186148934863365e-04
3.081941357094892977e-04
1.772690198645595684e-04
1.005791848847076145e-04
6.255709644754996982e-05
4.842435791524795871e-05
3.335900211939304364e-05
2.797851790658771151e-05
3.465031833046631820e-05
1.563927411188749245e-05
2.238281432527017259e-05
1.492187621684678004e-05
2.568284464245743583e-05
2.123497769320503137e-05
2.259803369378238276e-05
2.159367664072538842e-05
2.475022737890451494e-05
2.417630906287194771e-05
3.838078738467801533e-05
2.123497769320503137e-05
2.338717137832716354e-05
2.116323790370096131e-05
2.231107453576609915e-05
1.025878989908216032e-05
1.671537095444855685e-05
1.771972800750555119e-05
2.008714106113989353e-05
1.599797305940784612e-05
1.994366148213175342e-05
1.915452379758697264e-05
2.008714106113989353e-05
1.657189137544041335e-05
2.152193685122131837e-05
3.070462990774241091e-05
2.238281432527017259e-05
