2.716671516910127370e-04
6.781102206836845943e-05
1.036505372970159732e-04
9.351514656540688575e-04
1.431846049133990960e-02
9.548777040612833888e-02
2.391298881867801596e-01
7.255471129396932894e-02
3.160413669921955382e-01
2.843071382920827617e-01
2.039818398952843448e-01
1.572065583866753269e-01
1.525247572952972974e-01
5.325117367850711048e-02
1.072637406333219745e-01
1.352559734053036811e-01
1.453034878213268488e-01
1.461983878246836399e-01
1.432357351492902220e-01
1.103119729943203980e-01
6.624127547640612512e-02
1.582416736941307245e-01
1.633360220552402264e-01
1.636151834731847943e-01
1.660411499846146388e-01
1.595361268765374263e-01
8.744817540737559458e-02
9.557238308963611484e-02
1.329276136680631326e-01
1.268834274969478648e-01
1.176486179060168141e-01
1.188975615522225582e-01
1.167557727821166430e-01
7.129428449785897570e-02
9.364798847851407704e-02
1.383189525482848847e-01
1.482393061885221019e-01
1.409109412322832044e-01
1.350652926792557940e-01
1.292789938799460137e-01
1.000645913323256753e-01
1.080108706286955628e-01
1.421870818124735814e-01
1.550457922004112588e-01
1.515792709947290651e-01
1.349979651582360607e-01
1.041973769830004531e-01
7.280873065738587002e-02
7.447040288621627202e-02
8.385310336039268619e-02
8.646400902291810631e-02
8.455206456379793512e-02
7.764936184323419088e-02
6.417092398623319704e-02
5.160618223585394099e-02
4.928821777115863917e-02
5.305463050224477894e-02
5.428520110860311082e-02
5.217834528925968662e-02
4.942486725502368006e-02
4.585445376152016972e-02
4.038744696719004379e-02
3.737275749143934012e-02
3.973290742262637620e-02
4.374330687037027848e-02
4.284798380359593900e-02
4.202343320281273775e-02
3.948124512682184284e-02
3.381594246492815314e-02
2.934706314783429998e-02
3.216702257625498468e-02
3.497930642552888464e-02
3.419138102917833322e-02
3.151048858986577744e-02
2.824588950961177611e-02
2.456916622304386455e-02
2.295669022591011188e-02
2.535449280125810778e-02
2.705436161292916822e-02
2.612803404141233674e-02
2.419233759327891337e-02
2.275561422731700936e-02
2.063268199810710732e-02
2.038603602568195977e-02
2.092743632486952429e-02
2.306904378208221237e-02
2.295258046699687887e-02
2.197276559197692408e-02
2.014839526028728775e-02
1.938156259718259999e-02
1.807308788436604030e-02
1.799983747550074759e-02
1.756492828227081832e-02
1.864609706460686536e-02
1.849881055767227042e-02
1.778637176253686225e-02
1.708571830546146489e-02
1.584493373945112388e-02
1.505465127548856821e-02
1.464004912630050351e-02
1.461091818812140265e-02
1.470906890099041298e-02
1.433647090540084851e-02
1.397269680394852207e-02
1.271668195490678090e-02
1.182474339547275217e-02
1.143685467922071070e-02
1.181477118634505045e-02
1.189140610255065740e-02
1.104987252743482549e-02
1.043244168835242777e-02
9.423616750415522367e-03
8.728765305923515128e-03
8.273005129972029609e-03
8.530952939408567928e-03
8.562622258092903588e-03
8.145965229448224112e-03
7.798267537862373783e-03
7.530407956929209730e-03
7.030346997398300921e-03
6.458304819254710727e-03
6.758679845707288129e-03
6.790470039653777497e-03
6.402218697615275761e-03
6.059295578884507302e-03
5.956491168422568816e-03
5.797661073952273085e-03
5.405723036418075451e-03
5.702411367374956089e-03
5.955947229742876263e-03
5.856466888990171683e-03
5.541768143972351270e-03
5.391157567328523290e-03
5.398591395950992806e-03
5.124385863754746945e-03
5.386926933153135706e-03
5.630671899286584722e-03
5.535905693757884292e-03
5.423491699954706945e-03
5.074403942854086372e-03
5.125775929269516321e-03
4.899316125624083099e-03
4.961022946953676759e-03
5.221690449788679578e-03
5.078271951243011964e-03
4.846674948956035747e-03
4.541767100172685624e-03
4.506411085992654067e-03
4.507196775196654903e-03
4.494081809252950706e-03
4.321290622003872220e-03
4.210991945288389098e-03
3.982295949293107075e-03
3.553309643908722937e-03
3.471416653799418855e-03
3.464285013332335343e-03
3.475949476130192010e-03
3.543700060567483642e-03
3.581171391835209425e-03
3.535420105109937736e-03
3.168201058686224113e-03
3.407292327226746267e-03
3.625109549628171592e-03
3.469361774342801484e-03
3.313190935639892531e-03
3.147773139382205407e-03
3.149767581207745925e-03
2.997404313262686578e-03
2.535902562358888224e-03
2.749670463478156527e-03
2.746104643244615204e-03
2.804487394864974958e-03
2.687903204517486013e-03
2.514568078588714974e-03
2.452075568055120912e-03
2.008342480687953617e-03
2.327755360929778181e-03
2.468514603708058582e-03
2.369276013479661852e-03
2.261999218318027499e-03
2.279344818437119280e-03
2.033665848109207034e-03
1.194912404022917133e-03
1.730389815364935437e-03
1.965854826040838547e-03
1.931526251589115676e-03
1.881544330688455537e-03
1.920949666150644549e-03
1.698116120369829504e-03
9.936550925365827524e-04
1.406081487005875512e-03
1.698660059049522490e-03
1.636348861409158990e-03
1.631513850923000481e-03
1.681677084716891616e-03
1.655205402305175589e-03
6.635447515941331371e-04
1.546538541628770559e-03
1.889159472204154748e-03
2.144387588242229435e-03
2.693705217100875269e-03
3.570715681658892440e-03
3.113323689668328828e-03
1.335429896276889251e-03
5.298869304673979944e-03
5.329148557843545360e-03
4.826609655438479467e-03
3.318811635330051225e-03
1.254564345895893421e-03
3.777351942311077881e-04
2.174545966149641198e-04
1.822798953281633413e-04
1.844556500469345290e-04
1.547203355570617471e-04
1.646321070536860168e-04
1.414240567201267439e-04
1.443250630118216428e-04
1.662034854616873910e-04
1.772031343176972546e-04
1.647529823158399686e-04
1.579235300041415392e-04
1.304244078641168803e-04
1.009308438985520020e-04
1.077602962102504179e-04
1.234740802902644990e-04
1.324792873207341162e-04
1.328419131071959718e-04
1.404570546228951018e-04
1.341111033598125070e-04
1.180951311244135326e-04
1.121722432788697558e-04
1.270399005238061468e-04
1.272212134170370881e-04
1.365890462339685609e-04
1.545390226638308057e-04
1.477095703521323763e-04
1.337484775733506514e-04
1.043153512388627220e-04
1.209961374161084316e-04
1.463799424684388787e-04
1.530885195179833291e-04
1.615497878687601765e-04
1.705549948992297665e-04
1.735768764530786444e-04
1.557477752853703515e-04
1.341715409908894694e-04
1.556873376542933891e-04
1.354407312435060046e-04
1.341715409908894694e-04
1.293969681358082759e-04
1.508523271681352061e-04
1.408196804093569845e-04
1.341111033598125070e-04
1.391878643702785666e-04
1.867522800278596958e-04
