2.808745760130539334e-05
4.689219939446635180e-04
6.285607748270604679e-03
2.367067340531895173e-02
1.436683532524744289e-01
3.291239160158344890e-02
3.150966240457511169e-01
1.469135252035848882e-01
2.637786348354844712e-01
2.250841315024968980e-01
1.816076440483435361e-01
1.586152260653700130e-01
7.286541455946900225e-02
1.478386479662825992e-01
8.104434366497199893e-02
1.420178057720425657e-01
1.422258166968342896e-01
1.308983843564047178e-01
1.508287656499372742e-01
6.824320146954655775e-02
1.609133594796902655e-01
1.242173480290341137e-01
1.650431603925171797e-01
1.693001735572603195e-01
1.313389040109363970e-01
1.593808297022737408e-01
7.961591381449484306e-02
1.436951182064667154e-01
1.101856477135873535e-01
1.265208344341528235e-01
1.192010288636207033e-01
9.331415429137901452e-02
1.523137482737910442e-01
1.158396655240025996e-01
1.681896483838490608e-01
1.409502934541059516e-01
1.675078033088505669e-01
1.271777408696667666e-01
1.043272086310334662e-01
1.607482354576485195e-01
1.374855859038965067e-01
1.558414951626976019e-01
1.263888989550614739e-01
1.252715093581557582e-01
8.301890452961624423e-02
7.626040727657387719e-02
9.722190055061355474e-02
8.597526688305945353e-02
8.525154252710832881e-02
7.355676906518006375e-02
8.286322696192469084e-02
6.076771833132289108e-02
6.423683422689578648e-02
6.318223206323779484e-02
5.710658750699130343e-02
5.099907691140341537e-02
4.473513303177596712e-02
5.144079311681945543e-02
4.095925927527043625e-02
4.318459201473170972e-02
3.967693458540994672e-02
3.954059076095518127e-02
3.319314022487183241e-02
3.119830097155580281e-02
3.298204345832569939e-02
2.677408556481385843e-02
3.094891457671013202e-02
2.887982619220140837e-02
2.967685503391020302e-02
2.650442078129639292e-02
2.580028207403137902e-02
2.467155673190537732e-02
2.241051639500029474e-02
2.551499915265489221e-02
2.416358939331315903e-02
2.355221486776725923e-02
2.286457596743395396e-02
1.957708390083452710e-02
2.318040242454279948e-02
1.874163947810152803e-02
1.940093901538418944e-02
2.207296309288595340e-02
1.942140633314298759e-02
2.024923061603347771e-02
1.640282333371300902e-02
1.840584951413255788e-02
1.717585818137225620e-02
1.595430568116481054e-02
1.649634323178013687e-02
1.610771609981229840e-02
1.483641227336038836e-02
1.377362318259888786e-02
1.368551925169254890e-02
1.293906042893857439e-02
1.317049856051883718e-02
1.323215241924457358e-02
1.299460558051783801e-02
1.288515266278001531e-02
1.141616603495927695e-02
1.115714425667638753e-02
1.128599389401331761e-02
1.096739647696173825e-02
1.150993783847574156e-02
1.105720076965111508e-02
1.060358203175379779e-02
1.024436486099629569e-02
9.643381435235628268e-03
9.897868915430417872e-03
9.434614794095881954e-03
9.488774465703781261e-03
9.453696631883315785e-03
8.919908984733843776e-03
8.909769790397946421e-03
8.286933566907116536e-03
8.367039499796937937e-03
8.174772665588898521e-03
8.392041115643839380e-03
8.295183470372970852e-03
7.986095484033941747e-03
7.758121052382090620e-03
7.226033767015657347e-03
7.371824045820638861e-03
7.254750988240310679e-03
7.342854919146647036e-03
7.218476603535486057e-03
7.066010830323018847e-03
7.154114761229355204e-03
6.704211628709790677e-03
6.980614882997076935e-03
7.014307236846175492e-03
7.035026460054313868e-03
6.852206080196489649e-03
6.897234179265847309e-03
7.197064640341665522e-03
6.675368454760468098e-03
7.006057333380321175e-03
6.880482466884800183e-03
6.779720287149175462e-03
6.672534518455403539e-03
6.459989295575570278e-03
6.724427041019250331e-03
6.349465779678056809e-03
6.890054873959683759e-03
6.619697350456536095e-03
6.582352367592019839e-03
6.419810376405990331e-03
6.213688742484303404e-03
6.484424124161458809e-03
6.410300945693440944e-03
6.348206252431361739e-03
6.413701669259517547e-03
6.172376248792696765e-03
6.172187319705692461e-03
6.300785051593284052e-03
6.344427670691276527e-03
6.187301646666035909e-03
6.395438524182435990e-03
5.858376106191556625e-03
6.237745712896183327e-03
5.654395668589251231e-03
5.670454640984616199e-03
5.741491977698231011e-03
5.267216992955113010e-03
5.540282500038655987e-03
5.205689086954047584e-03
5.113869550669958471e-03
4.829468298366158124e-03
4.559299703950014764e-03
4.642113620420230610e-03
4.462379082316810311e-03
4.459734075098750056e-03
4.352170448230970393e-03
4.393419965560241974e-03
4.235097390650641343e-03
4.045538540022998106e-03
4.483035329162613630e-03
4.253045653916050217e-03
4.514901368504005072e-03
4.510115164966562416e-03
4.552372304093190575e-03
4.619379153617380815e-03
4.465527900433548421e-03
4.808875027882689862e-03
4.714284531655872114e-03
4.777134941265967667e-03
5.066133468020206365e-03
4.849746687037952836e-03
5.043210072130351398e-03
4.846534892558879669e-03
4.596140875915852297e-03
4.963167115602865054e-03
4.697217937463150569e-03
4.545130022424691968e-03
4.822603874871668993e-03
4.462064200505136760e-03
4.337811837618645028e-03
4.404818687142834401e-03
4.591228719653740395e-03
4.448650235327831180e-03
4.466724451317909302e-03
4.700051873768215129e-03
4.607035786599766869e-03
4.471321725768346786e-03
4.437566395556913172e-03
4.797917140836440233e-03
4.502432048761721012e-03
4.474281614798081459e-03
4.910518876691001913e-03
4.754148569013778511e-03
4.714347508018207171e-03
4.604390779381706614e-03
4.643939934927939460e-03
4.377423969527212064e-03
4.079293870234432587e-03
4.586883350652641404e-03
4.318226188932532475e-03
4.291020400403914442e-03
4.532534749957739528e-03
4.646584942145999715e-03
4.349966275549253802e-03
4.015876673363323254e-03
4.727635520470842637e-03
4.454947871561308267e-03
4.875692948319875798e-03
5.065881562570867871e-03
5.747537708482368737e-03
5.296060166904435589e-03
5.065062869860515599e-03
7.575930436147614369e-03
6.569757095125066532e-03
8.948941087770169792e-03
7.040379450852768568e-03
5.193660601748106322e-03
3.610245923565099171e-03
2.724168505514949247e-03
2.731473763545781610e-03
2.868699257073235691e-03
2.760190984770435375e-03
2.745643445071104406e-03
2.754019301261627969e-03
2.602435197121847656e-03
2.592170050061280619e-03
2.560304010719889611e-03
2.631089441984165930e-03
2.579133943057984081e-03
2.469806978044831493e-03
2.394991059591130168e-03
2.308461537743162432e-03
2.084517593280736311e-03
1.951826397841385525e-03
1.800746104600283283e-03
1.824740098649829017e-03
1.736447238656487705e-03
1.862336986963683983e-03
1.943828399824870570e-03
