2.364574386974984885e-02
7.618649891533831259e-04
1.176755145845657198e-03
7.531200222840631845e-04
7.529232477519365481e-04
7.717778256484422684e-04
8.300639753724192499e-04
8.234196405213871622e-04
8.589872760816428653e-04
8.737990317726359278e-04
8.854956166238567164e-04
1.380194456930643231e-03
9.234654347841009161e-04
9.154206785875435926e-04
8.655345014233136207e-04
9.894896790961259844e-04
1.267225431382672284e-03
3.597166222946652624e-03
8.042124017750958359e-04
7.361974125211654058e-04
7.467849045549446304e-04
7.226429694250598775e-04
6.931037899854136002e-04
6.547966440558093595e-04
6.061422243524246028e-04
5.799942112002090316e-04
5.369823650933932104e-04
5.112304565188353174e-04
5.056185490831174032e-04
4.590954275588715757e-04
4.302436812249667568e-04
3.892123580064392723e-04
3.953558122302397297e-04
2.083977737432388903e-03
3.588758583846692616e-04
3.413450364315614950e-04
3.169501054746566571e-04
3.001629379221836349e-04
2.827292254784371465e-04
2.795143896158992975e-04
2.647741883002249774e-04
2.552625674096321070e-04
2.630619943193821279e-04
2.649862959127771787e-04
2.690648953059491806e-04
2.991535101275076460e-04
2.869841552965018971e-04
2.966823286656045415e-04
3.349179202198900940e-04
3.202671618733642154e-04
3.975561092712930501e-04
2.095472436724674353e-03
4.246675509769082951e-04
4.432256893185218039e-04
4.232926847654254867e-04
4.474090647612677580e-04
4.779857826430366401e-04
5.476797442035549269e-04
5.644566897024110323e-04
6.670068871012829921e-04
1.272047685176478813e-03
2.292116126565097237e-02
1.295619740817217490e-03
8.564547622980379351e-04
9.286199053204592180e-04
1.157857124221279297e-03
1.848137071895004620e-03
3.078072451682960838e-03
8.487243342502024139e-04
7.697896362199410951e-04
6.900397294137261810e-04
7.058634684127995836e-04
7.511650545298173293e-04
7.956795425183280958e-04
8.469405858940407678e-04
9.107134228969277151e-04
1.193772309604512229e-03
1.193560201991960027e-03
1.592744173301756079e-03
2.127015138673247260e-03
2.890937316117046275e-03
4.075039562999902693e-03
6.940166193734093221e-03
9.413292401337815599e-03
8.156846125494240582e-03
1.208448367533740062e-02
1.036530292084731145e-02
8.341231528637188877e-03
4.658202610821372824e-03
3.527702257592516075e-03
2.262649012603450659e-03
1.745423321638261017e-03
1.365571809231564239e-03
1.419626028758114384e-03
1.466034152179169613e-03
1.618457749175250277e-03
1.371500600329408253e-03
1.481714782427605206e-03
1.486225263586094447e-03
1.598698519533642412e-03
1.528631453016104577e-03
1.502148667607933153e-03
1.274212205029872898e-03
1.292537791651699993e-03
1.531386296465878788e-03
1.741288500950195512e-03
1.779807754492352062e-03
1.277680036719430669e-03
1.171480566179299325e-03
1.147187855758564521e-03
1.144502011170704919e-03
1.226968428725630457e-03
1.353606895472897909e-03
1.139976196931790330e-03
1.505156506884727449e-03
1.483411643328022816e-03
1.683429121964727122e-03
2.221487358201307011e-03
5.624122789790164320e-03
2.326682511973570365e-03
1.926392003359737263e-03
2.268368251602146876e-03
2.167146921173481247e-03
2.250224106432020636e-03
2.021439213403751576e-03
1.994123330625796695e-03
2.024664271319906016e-03
2.051798712646159609e-03
2.191132969985707356e-03
1.899735443040077333e-03
2.013243681916343768e-03
1.861126746528772233e-03
1.542748109061143616e-03
1.410648510169008408e-03
1.308052313528860078e-03
1.675266812151574632e-03
1.717330562785416345e-03
1.310676825795017856e-03
1.341008214389979381e-03
1.331882476023427218e-03
1.239922326171738779e-03
1.308586415830346973e-03
1.484528402685677054e-03
1.430594292289125938e-03
1.327167553792598775e-03
1.309963837555234078e-03
1.421425110194701703e-03
1.478430947703152911e-03
1.406184028251795861e-03
1.833269094909118109e-03
1.948972519799629325e-03
2.074683335181156611e-03
3.863701159982400792e-03
2.128811664596430391e-03
2.419956195715040111e-03
1.795927933046317622e-03
3.083847911976550504e-03
4.789803884599680428e-03
3.864061487372399181e-03
5.839102799408712498e-03
6.367243088123425085e-03
4.472401453252473728e-03
2.922589905142001024e-03
5.820156223029654581e-03
9.472342649569661863e-03
8.896565035486452694e-03
5.010234804309479824e-03
5.765383904236511849e-03
5.231524376523103044e-03
3.871968245845127613e-03
9.818949488100558662e-03
1.290568385246720351e-01
6.534248444604116857e-03
8.225418216670296254e-03
9.608778954708796505e-03
7.426937831460917253e-03
8.367714314045360952e-03
5.674941729346943270e-03
7.651416684403037141e-03
9.233052040936547827e-03
1.149231244276597251e-02
1.231019684125376872e-02
8.131382989934363148e-03
9.401307043471914676e-03
8.006449050627724787e-03
1.317264939351156690e-02
1.344124151883773106e-02
1.197353963861095133e-01
4.839121971134147104e-02
1.044185843589822381e-02
7.861137447435651709e-03
4.324909997126581869e-03
7.927744348803845639e-03
6.513990889848681604e-03
7.870505959575608071e-03
9.094024445205510510e-03
1.167295146325830063e-02
1.594348013514259102e-02
1.645279395660824082e-02
2.452229518945885783e-02
5.071052445611699128e-02
3.803691316467262135e-02
1.681842659243373145e-02
1.120689737269967533e-02
1.153626471780555031e-02
4.913920059616960247e-03
6.750467878223722490e-03
4.509497285828466262e-03
4.412645883321055819e-03
3.563137006455750939e-03
3.460341479770071785e-03
3.102477604693482972e-03
2.586128454825948643e-03
4.322489925932763294e-03
4.202672124461420515e-03
4.989348593256600316e-03
5.777463816098368614e-03
3.541668138346704738e-03
3.284662710795378977e-03
3.190251823589021051e-03
5.535696914976543856e-03
6.268485272616449236e-03
6.738571963326969901e-03
7.863084748649684999e-03
8.873327752101669436e-03
8.962975162322519770e-03
5.580295734907395229e-03
8.425512360709127083e-03
8.456595070244935647e-03
1.231509320493629801e-02
1.300343096242279929e-02
1.550238829951661179e-02
1.886181511046652881e-02
1.532762440434063712e-02
4.305420118597780982e-02
6.390128988415123834e-02
3.974603541840360243e-02
5.353043383267651334e-02
1.186048500336393807e-01
3.099290061714102262e-01
1.686806744031115260e-02
3.364975086101867213e-02
3.058716226505202307e-02
1.746277629769299455e-02
1.614578224276268931e-02
1.589855165398259065e-02
1.863527140269377949e-02
1.506381364459381117e-02
3.270624509011849784e-02
4.631331898478437126e-02
5.612783210161516323e-02
9.853463741035585477e-02
3.028762645011924270e-01
8.490558916702958259e-01
4.028648050415974818e-02
