2.241005224560890102e-02
4.872092156615223353e-04
6.127012133236432560e-04
4.139841373286481268e-04
5.316077819973823431e-04
4.495214513396795326e-04
4.912955701964516779e-04
4.422268843921009929e-04
1.327676047229683128e-03
4.726899339806376081e-04
2.309995262931312156e-03
1.020485966635625071e-03
1.241725392289559507e-03
5.606638084127197772e-04
3.701094625998303800e-04
5.443707794337063460e-04
8.485372570385495269e-04
3.160677980836796956e-03
5.305500198955447055e-04
6.246010369693167329e-04
4.968762631724207499e-04
4.289075639635368050e-04
4.735206763860903183e-04
4.792735051758016934e-04
4.693544907491354538e-04
5.028860483217766162e-04
5.105398552284697066e-04
5.367968036290387233e-04
5.128474730213938414e-04
5.971191800970442791e-04
6.722377523810853933e-04
1.249893111915541689e-03
3.501417082057063992e-03
2.482615052729789367e-03
2.029694043804793763e-02
8.370515572346332251e-04
1.053261623460962325e-03
1.059895089094892206e-03
1.217102486758574490e-03
2.368212094083395770e-03
1.932421592292099402e-03
4.092286983698676002e-03
5.632051816512623037e-03
2.582481266641730149e-03
6.182968746312418606e-03
5.765746459907862206e-03
4.717574069201024671e-03
8.139701403893214934e-03
3.544685539354875976e-03
5.703540568376443132e-03
4.671968057447029206e-03
4.294257177101209674e-03
2.655903428007729775e-03
1.781608166956270486e-03
1.437276666144856425e-03
1.436488334012354972e-03
1.140050504972353737e-03
1.276179996979370053e-03
1.205654207783732508e-03
1.684231685538749475e-03
1.536434379026321113e-03
1.503366839734203084e-03
2.086368388382428551e-03
1.277624440981643770e-03
1.274700626869960376e-03
1.604058806607720072e-03
1.166686651107543644e-03
3.234364582728255829e-03
1.112513764217438550e-03
1.299582983482528136e-03
1.067459086011806821e-03
1.144977580800489014e-03
9.102516883481244275e-04
9.864280227340033961e-04
8.948891906520956225e-04
1.173489757833277684e-03
8.448251107943645713e-04
8.716633294065566709e-04
8.746420274008824720e-04
9.094583667717462535e-04
1.071665187199774419e-03
9.463079045223214822e-04
1.061863424704207913e-03
8.636877033698232408e-04
9.648337096361100842e-04
2.581757797279624327e-03
1.063861696976783509e-03
8.682056448000779547e-04
9.583125064894034871e-04
8.835032797257110198e-04
9.507060992995379402e-04
9.030344577806331038e-04
8.198828808552777918e-04
9.234811987869099778e-04
9.921983145772827507e-04
1.074743674071632028e-03
9.902249895240903231e-04
1.049240131696428614e-03
1.652628548024411611e-03
9.697083963035412054e-04
1.286485693306472318e-03
1.196149317198823715e-03
1.253158702932771545e-03
1.445556648258061998e-03
1.333725747930051891e-03
1.921606972689584658e-03
1.112239344804226079e-03
1.344355758109132531e-03
1.225604499124288271e-03
1.197032448764980472e-03
1.258005947658881463e-03
1.264013238086298969e-03
1.376218346705053571e-03
1.566026770658392447e-03
1.611804918226130215e-03
1.364014166982907734e-03
1.389190900784194414e-03
1.514386026535657946e-03
3.210677197924132267e-03
1.626478872667189374e-03
1.165943223969931591e-03
1.802379221814525952e-03
1.685349320967106240e-03
1.463793065627008293e-03
1.670341073786315482e-03
1.462892471007283448e-03
1.829896004793934690e-03
1.233056233553979711e-03
1.528104502474349636e-03
1.753168336859692311e-03
1.546458171774395826e-03
1.449929895815895613e-03
1.522438988952478593e-03
1.520797461917079620e-03
1.171229539757181418e-03
1.254316253912140990e-03
1.341476848992338754e-03
1.506871924057509452e-03
1.578665031997801473e-03
1.505886508891882527e-03
1.577856742089793571e-03
1.491836234935397382e-03
1.793026509267853230e-03
1.865810021817648681e-03
1.456887675301803868e-03
1.475425954025284163e-03
1.605520713663561661e-03
1.645361423018154275e-03
1.354988263010151531e-03
1.776476523929195308e-03
2.228265677510785862e-03
2.168359919606475950e-03
4.302008278163496971e-03
2.280053610227879713e-03
3.429257249991842990e-03
2.392051656925755620e-03
3.352871358963147291e-03
4.059925450715096140e-03
3.095530812140125966e-03
5.304522267955634994e-03
5.981158215113936520e-03
5.817339804313768729e-03
2.977380781142411562e-03
4.813812957414682903e-03
7.016934332509380118e-03
9.112353572083948042e-03
6.536500781632269969e-03
4.547693484090797184e-03
5.296087613082254772e-03
2.883843676787928734e-03
5.833780021887141620e-03
1.254811057061382684e-01
7.153161118671989664e-03
4.255369451527046820e-03
7.658105312592860571e-03
6.796745184791467588e-03
6.991238696544927085e-03
3.132412781275899227e-03
4.504904013405138657e-03
5.737373987303617806e-03
7.318735813716717963e-03
9.917437762401250939e-03
8.800034343184751431e-03
1.131625080570145513e-02
7.189559111751732748e-03
1.019368580679461990e-02
1.186769911127410863e-02
1.147467562767102468e-02
5.802959229172653666e-02
1.076166962831868884e-01
9.812522231286197397e-03
6.107184083270852763e-03
5.571033412623833080e-03
6.786354667918464111e-03
7.784380652943606767e-03
6.632597470695444919e-03
6.783271191602729781e-03
1.166306954428535103e-02
4.211078158234533159e-03
5.211603854641849026e-03
5.226155567707931569e-03
3.760286893428260897e-03
3.857506207363669334e-03
3.600642152430862889e-03
8.022369641691262307e-03
3.949237133034825750e-03
4.438621746226542597e-03
4.690591156716411581e-03
5.032996732191460758e-03
4.327002897263287906e-03
4.106322289323531202e-03
3.957734155956663460e-03
3.093642307632836052e-03
4.548831077294659964e-03
5.213976335205169552e-03
4.526817650911133840e-03
7.059858518179706194e-03
5.032215884224774602e-03
4.926265043505328664e-03
3.826541718665535212e-03
5.717638242049755820e-03
5.614511426564461685e-03
5.485808721767753207e-03
7.369181586031007397e-03
9.073383520685819950e-03
1.043890948916333626e-02
6.943157920628142445e-03
1.067657665878095179e-02
1.215256392524235313e-02
1.549604265610781371e-02
1.941458722513577859e-02
2.877078489835656339e-02
4.568357265905705067e-02
2.589070326225158605e-02
5.984562762143129377e-02
7.044858254109118145e-02
5.799529984396271237e-02
7.921569653357818375e-02
5.436936370579945749e-02
3.429059792750426272e-01
3.206497041844322965e-02
3.071435041354703133e-02
3.644402568894906935e-02
1.920275290118922396e-02
1.806088873336772482e-02
2.012153903328825835e-02
2.455577006890339795e-02
1.426640169688736179e-02
2.997903112223418778e-02
3.676787053320319104e-02
4.420316474532098860e-02
9.352992205002266801e-02
9.752821539525216576e-02
8.775247983472369562e-01
1.548285156438687638e-01
