2.445727432806017385e-02
5.934925962672874325e-04
8.905145625901234865e-04
6.229285196800553055e-04
7.102621799045310755e-04
6.244514937118261300e-04
7.654304307891691972e-04
4.934238074102593064e-04
6.380964509867351501e-04
8.616868398458875670e-04
7.848829627404254510e-04
1.107360352165718837e-03
5.803173874762040160e-04
5.310457162437959983e-04
4.578218170571721028e-04
5.635226429992233133e-04
8.813247988302328178e-04
3.160148864680757327e-03
4.854652791500795993e-04
4.776798161207829380e-04
4.826072304800679423e-04
4.275972106636657575e-04
5.234110672014116381e-04
4.817122360003583330e-04
5.149036749232886300e-04
4.746635363825352900e-04
4.778281577472541356e-04
4.729798589220872082e-04
4.262225782583660221e-04
4.801398147597636494e-04
4.797664883331444435e-04
5.310506609646783137e-04
8.777794339575712389e-04
2.207076165847288683e-03
5.216925294587428964e-03
5.399981334013327075e-04
2.364298511023227561e-03
5.532252617616810865e-04
6.902113367265077159e-04
5.358519849414627566e-04
8.033959977240308229e-04
4.951322084751192364e-04
7.235758408803210587e-04
5.057608860117805000e-04
5.417708158376634969e-04
4.978691114835129185e-04
5.429674382911978169e-04
5.048461126485414121e-04
5.809305328656182849e-04
4.804933623028533225e-04
5.405173290939818990e-04
2.114985684133969743e-03
5.505650019269643777e-04
4.922049337127542418e-04
5.375974714129404860e-04
5.614038301011264323e-04
5.082554976969377988e-04
5.293595664229067046e-04
5.191882755678650391e-04
5.656365111764379873e-04
5.158505889722630935e-04
5.820554568663581637e-04
6.108856519710352409e-04
6.610597347644763411e-04
6.511950166041418102e-04
9.882197748653771905e-04
6.728355875458481199e-04
2.517834566781357569e-03
2.194128414216794162e-03
1.074675747133231780e-03
9.110326818915311835e-04
9.586899017558443486e-04
1.087012825734752974e-03
1.020048943185213703e-03
9.224945448968723547e-04
1.336555582145041495e-03
1.049608484620040763e-03
1.359096092287339838e-03
1.155791420848123474e-03
1.654879406029141240e-03
1.509220290636632085e-03
1.338244204326371947e-03
1.762642180579141946e-03
1.578790041091182161e-03
1.198199819495797229e-03
2.589842064630917557e-03
9.019788979559058154e-04
1.095201283515963167e-03
1.045108788617081031e-03
1.011806093474297390e-03
9.168303671261137863e-04
9.536215628514117283e-04
8.064172221831607864e-04
9.733559438929633226e-04
9.985369349864491127e-04
1.278746850309215926e-03
1.401751726979132183e-03
1.574423852552046463e-03
1.457285887209065984e-03
1.500344516652772024e-03
1.980138200950769690e-03
1.707384924718621496e-03
2.851563668574491010e-03
2.145343797991300285e-03
4.072551234256705822e-03
4.236253636148995180e-03
5.586943702936300778e-03
5.331724406953047141e-03
1.734660005105792199e-02
8.149013742731369553e-03
2.126037382542117840e-02
1.491244252340852283e-02
3.608103243981109626e-02
9.131005641645395868e-03
1.225868499665204968e-02
8.493168788504987590e-03
5.474441413420544356e-03
4.984664337661035179e-03
5.529985463092242787e-03
4.076215272430544490e-03
2.470046064577617259e-02
3.773244806886213044e-03
3.209539209214342000e-03
2.939011057379261552e-03
3.385788840345653125e-03
2.280937934027739075e-03
2.782401857592737161e-03
1.751133342725418344e-03
2.117977240267805705e-03
1.962156723462019081e-03
2.099800446304201686e-03
1.936098044411912545e-03
2.017495567217099037e-03
2.146592340014099459e-03
1.900889159368973971e-03
2.277812870430078861e-03
2.351785894830382435e-03
2.650709106332490780e-03
2.793290132975722803e-03
4.113132558538342559e-03
3.548418237806467458e-03
3.471134722775414891e-03
3.072189697264661283e-03
5.338100624530868130e-03
2.969707884617034388e-03
6.127695906272194286e-03
3.910848971961335824e-03
7.858684456122824735e-03
3.653911385471458710e-03
7.616047002424770375e-03
3.907642320469117622e-03
5.214606220493596574e-03
6.339478301664239548e-03
7.004100707824466657e-03
4.260865984341007107e-03
7.345508961147924863e-03
3.800730037910884929e-03
4.964700027098453532e-03
3.635368682162559446e-03
5.856922990753436406e-03
6.691448478792448411e-03
6.093369653906758991e-03
2.128462520898878087e-03
5.852522189168124500e-03
7.262296725778908009e-03
1.068415730496147416e-02
4.962882842174181144e-03
5.141397155469619625e-03
5.863417881632433833e-03
2.501086797152759188e-03
7.323809053555630118e-03
1.264814332791392715e-01
5.775903739095752248e-03
5.623542054547184948e-03
1.089950237174926867e-02
6.150263612379346448e-03
8.035730187316196885e-03
2.839342790913705963e-03
6.101056222518408748e-03
6.043818605944497116e-03
8.142696861804136349e-03
1.041284541486653739e-02
8.052270278667736716e-03
1.011613249359884920e-02
3.767825392799132016e-03
1.218419030419865684e-02
8.487245012887903450e-03
1.123022013852503775e-02
1.424641359139330876e-01
8.901676904202250259e-03
2.170502290604770998e-02
4.866025649530254620e-03
6.965094277143864948e-03
8.812026642244381522e-03
7.579609354242561672e-03
6.351990917857085542e-03
6.914079591800420359e-03
1.121215460078128605e-02
3.573829158420983084e-03
7.277949239732060295e-03
4.242961150025934339e-03
4.815587024169606066e-03
4.442760014359547864e-03
4.944199214320134372e-03
1.022399910728738134e-02
4.015343286008088083e-03
5.074331906141991803e-03
4.570603300412866797e-03
5.683343508898607704e-03
5.087039838809690774e-03
4.556033680332953299e-03
4.044049863090706624e-03
3.147707946940705992e-03
5.431333336768014511e-03
4.758571920035401664e-03
4.626896475298244472e-03
5.519107077151021341e-03
4.222022729449524843e-03
4.327209304419809069e-03
3.423613482735367135e-03
4.919240735666355162e-03
5.098575872628267544e-03
5.204647552636497074e-03
4.816373234789904194e-03
6.480946766108938023e-03
7.718333498597542558e-03
4.317997289415947439e-03
8.354805608774417899e-03
6.846650905487938234e-03
1.234924014253139211e-02
1.049063081906714996e-02
1.450290590576772641e-02
1.951838574396770956e-02
8.239613391098651526e-03
3.289011752180020370e-02
5.457083959707149934e-02
4.476940644694996779e-02
3.605751287493408341e-02
4.832662381556661335e-02
3.041081345631452271e-01
1.431193089584870647e-02
1.019207055007780721e-01
2.587368715245554410e-02
2.361280006160582784e-02
2.020904210557363315e-02
2.050248409397763261e-02
2.713021984420069949e-02
1.370576497995989670e-02
3.260987793815214864e-02
2.866542464307420338e-02
7.395724085124689984e-02
3.296797709681405925e-02
1.002215708428516872e-01
9.052345565767900837e-01
2.857153922768058268e-02
