4.835477205598034395e-07
1.644062249903331652e-06
2.756222007190879584e-06
6.672958543725287592e-06
1.571530091819361337e-05
1.972874699883998321e-05
4.714590275458083673e-05
8.437907723768570221e-05
1.703538619532187751e-04
3.442376222665240659e-04
6.801098689673635905e-04
1.261430938624359243e-03
2.349219890795692899e-03
5.286965712284722764e-03
6.669477000137256570e-03
8.286847415865687336e-03
1.668379864770284243e-02
1.087880826238240249e-02
9.529758476792606417e-03
7.689617626202274216e-03
7.354615765398442653e-03
4.815845168143306591e-03
5.319653538194565878e-03
4.127224859294090394e-03
4.386358082742089146e-03
3.694739778025402186e-03
3.988156534861090827e-03
3.413750197608100573e-03
3.132228714698182936e-03
2.766569928410859882e-03
2.633932788661305386e-03
2.312953811753707626e-03
2.295546093813554886e-03
1.981771977942298549e-03
2.139553599160962365e-03
1.862577464824306892e-03
2.038637189880131411e-03
1.773653039013358985e-03
1.989798870103591261e-03
1.790287080600616457e-03
1.895652128910597532e-03
1.820992360856163754e-03
1.760693960102356365e-03
1.882112792734923082e-03
1.583135237112796466e-03
1.669110021828329633e-03
1.433670636687761060e-03
1.437684082768407633e-03
1.364861796052101173e-03
1.284786293527397918e-03
1.327096719076380519e-03
1.248568569257468451e-03
1.367908146691628173e-03
1.313363963812482198e-03
1.394841754726809007e-03
1.579218500576262153e-03
1.672204727239912439e-03
1.674235627666263628e-03
1.813207242555150934e-03
1.834725116120062291e-03
1.950969988142638991e-03
2.146371622020855612e-03
2.157976767314290917e-03
2.251833379874948731e-03
2.261697753374368978e-03
2.603517637038093788e-03
2.168518107622494605e-03
2.615412910963865224e-03
2.442012698371119530e-03
2.521653007947319020e-03
2.468075920509292618e-03
2.710961940546482291e-03
2.786443739725867359e-03
3.200844136245618952e-03
3.386429751396471781e-03
4.340807887465355890e-03
4.512370618719974483e-03
5.747206432713544179e-03
6.105998841368917747e-03
8.373886005566452337e-03
9.074304878797326626e-03
1.152192673072694080e-02
1.079670185943134783e-02
1.252195177161666978e-02
1.000977629899232370e-02
1.123832599261861617e-02
8.713771698347937134e-03
8.729535354038187728e-03
7.395814031190138700e-03
6.930641124011606945e-03
5.884243856720192123e-03
5.166127136916828962e-03
4.964487737443390274e-03
4.636787447220010877e-03
4.297385302159084999e-03
3.893236117315201396e-03
3.589809922663924659e-03
3.375598282455931961e-03
3.116029866059429661e-03
3.039677680983036197e-03
2.662413749402277839e-03
2.683061237070181668e-03
2.298689153997193931e-03
2.206331539370271280e-03
1.904210923564506053e-03
1.968861253803351734e-03
1.589808195656521646e-03
1.708857644458345454e-03
1.496580195132591684e-03
1.526753572895523390e-03
1.356109582309968781e-03
1.358285547052487819e-03
1.298470694019240217e-03
1.277097884770496926e-03
1.204807500546806491e-03
1.153454732623355149e-03
1.138754881918337255e-03
1.105390089199710700e-03
1.133677630852459282e-03
1.153309668307187300e-03
1.234013782868618406e-03
1.148135707697197283e-03
1.274970274800033910e-03
1.354223746199785441e-03
1.484298083030372722e-03
1.428738449938051153e-03
1.559731527437701985e-03
1.538068589556622779e-03
1.727425876927841854e-03
1.762869924844875620e-03
1.976888145964644447e-03
2.226205350685279191e-03
2.574504773804505743e-03
2.816423698400574976e-03
3.831003525679154646e-03
3.796333154115017015e-03
5.510945016448024099e-03
5.007861967977604058e-03
6.830401681539558997e-03
5.862194080662665174e-03
7.736763528956854680e-03
6.166103823034501698e-03
8.332204192054198238e-03
7.512155612756826577e-03
9.427874972070655890e-03
9.071742075878361580e-03
1.050434890758089081e-02
9.732606745567444137e-03
9.859779796074672267e-03
1.162903255083093737e-02
9.432178546783638595e-03
1.333445700647330721e-02
1.080985435743057367e-02
1.534891681032544801e-02
1.469245242489346064e-02
1.607941235177514500e-02
1.724519755127277773e-02
1.697262170119321484e-02
1.702489320978572626e-02
1.927517923695488272e-02
1.708200019558384075e-02
1.944200320054801853e-02
1.710632264592800225e-02
2.242167260940958542e-02
2.202598550967549418e-02
2.525656783073554346e-02
2.311348433321449430e-02
3.180535131982107494e-02
2.398183932979578922e-02
5.907952201459239217e-02
4.251167811027979637e-02
5.452803238527913210e-02
1.344132588819423046e-01
2.643313614440165674e-02
1.039660963996296150e-01
6.542091188632982723e-02
5.087028400787655530e-02
6.399081950277421549e-02
1.264447309305211375e-01
8.756053111033687553e-02
5.714494429417673466e-02
6.944760717451953225e-02
8.288612365045730512e-02
1.056518888178172438e-01
8.053168144427956532e-02
8.038942170489087047e-02
4.488023990989787465e-02
6.772999731631905440e-02
9.766846759660284538e-02
6.272953362846601932e-02
1.319562078494617707e-01
6.752376421350030078e-02
1.584665665648368194e-01
9.679252090080876780e-02
1.458141052634410739e-01
1.213059242398159404e-01
1.958856651464969401e-01
1.361485182319432108e-01
1.428879162324734331e-01
1.350664834976465500e-01
7.840716617922802167e-02
9.933685229685033924e-02
9.149201585234835454e-02
6.531675570732124736e-02
7.532740239221058509e-02
6.753870583806559358e-02
7.267494972585183954e-02
6.100762019555255877e-02
7.008100633368082033e-02
6.398317944878935404e-02
7.421393705607751135e-02
6.803854911680827511e-02
8.830954652948401484e-02
7.578624082424977038e-02
9.326267089549425404e-02
9.429001638259561224e-02
1.105881857231520021e-01
1.085244040518027614e-01
1.085174893193987661e-01
1.022700044149940368e-01
8.719661309584356146e-02
7.206833911040956553e-02
1.112694561066487203e-01
7.389494062482421244e-02
8.625785355114877484e-02
4.389704232968362485e-02
8.482592368625500867e-02
5.753627946442578522e-02
9.431395199476330649e-02
8.029672560685956195e-02
1.140090440722523329e-01
1.912838381994733938e-01
2.823279921530392755e-01
3.660287970030957072e-01
2.902392680543461889e-01
2.993845093837496085e-01
1.268543442046073388e-01
6.657103013968131144e-02
2.834808182736259230e-02
2.019450016328318623e-02
1.609827071287697753e-02
1.125418635785297751e-02
1.054129195343165952e-02
7.453452919480866613e-03
7.036973267762708026e-03
5.067531756694684461e-03
4.713236341840515951e-03
3.399582249395698055e-03
3.116803542412325146e-03
2.264163846749223281e-03
1.996423473875260420e-03
1.460797663811166415e-03
1.225261569126485798e-03
9.104720030420538658e-04
7.382323049786519405e-04
