5.091187352621212884e-04
2.092361351533194582e-04
2.656220561418351305e-04
3.258277633359302683e-04
3.890892994944890652e-04
4.648973641898357639e-04
6.274733416934612056e-04
9.053480966639626884e-04
1.367953589130450898e-03
2.292283084939062288e-03
3.040138458049901782e-03
5.375085616608206267e-03
8.870571973333995705e-03
2.680690699510709582e-02
1.552828597013125034e-01
3.898040696424653895e-01
5.904062832693719454e-01
5.178047234128133613e-01
2.703386106166014158e-01
1.502467654189640622e-01
7.784424580668711235e-02
5.317879910734031601e-02
4.121696230674327249e-02
3.027377433826185238e-02
3.648286619840211686e-02
3.111427421834339971e-02
2.668579038941941428e-02
3.788610873547796493e-02
2.638708310814309732e-02
3.330618507498815661e-02
2.132539625821728430e-02
2.518120598601246776e-02
2.211756115131284159e-02
1.906857841904848611e-02
2.145209562835927175e-02
2.371014755230218402e-02
2.524147045914818671e-02
1.613254382658603145e-02
1.782961607178337390e-02
2.691603534870342165e-02
1.581077091322217673e-02
2.155746296169164591e-02
2.111122378396752125e-02
1.716309276188056343e-02
1.851491510003514668e-02
1.999373063803983747e-02
1.811956722775766998e-02
1.502327791248574650e-02
1.253395262528040656e-02
2.144422099218161459e-02
1.263103396084375163e-02
1.511230831404656270e-02
1.680564892195076168e-02
1.690531595894557287e-02
1.575276892883899563e-02
1.345046625085298889e-02
1.047088609564692831e-02
1.476570679034644278e-02
9.589044375632684372e-03
1.028354027374865816e-02
9.497898400173395567e-03
9.886752635901385755e-03
7.738534256854295683e-03
7.639014134713543666e-03
7.635194348507964336e-03
6.833626904752515725e-03
5.630599930790661581e-03
6.456467091407758555e-03
5.995242598569441861e-03
6.224694217641519624e-03
5.576594030437929776e-03
5.606535277695509981e-03
6.405428871107054882e-03
5.761941810320971372e-03
6.181031123014665320e-03
6.530776624591685953e-03
6.769101900849033848e-03
6.771188091776696519e-03
5.991481578305486722e-03
7.459366651168058970e-03
6.671021544278077538e-03
6.875350723305768269e-03
8.313617761589692928e-03
7.516927890989060813e-03
7.855096502066094208e-03
6.667172375101685679e-03
7.917388400187852504e-03
7.375595801382620401e-03
7.214812185098535592e-03
8.741081220964850088e-03
6.901824780007514287e-03
8.899925561175331401e-03
6.815145016111672643e-03
8.069004529578545359e-03
8.747898070193268344e-03
8.026164158134431459e-03
8.890728691311130388e-03
7.494391152376142506e-03
8.614411233793672559e-03
7.063930629978146421e-03
7.222628055334567691e-03
8.335008564340938217e-03
7.016359600233274332e-03
6.982833630536611561e-03
6.905997161862840496e-03
6.632735533309846651e-03
6.140512006264710852e-03
5.297573339605753974e-03
5.947671568824571507e-03
5.024223562140324277e-03
4.682617143478269225e-03
5.305330443900162750e-03
4.605046100534193609e-03
5.233900441855825897e-03
4.383704181406268031e-03
4.556681730577395381e-03
4.824154913880395606e-03
4.319884368802278177e-03
4.515927550060942416e-03
4.370041099978618122e-03
4.367837377167707071e-03
4.015153578509471702e-03
3.640138722034002693e-03
4.064370054619822863e-03
3.651715612533989932e-03
3.446740008148431803e-03
3.805829294443716093e-03
3.434134713670019493e-03
3.736279802531357677e-03
3.291362858493783374e-03
3.132636050166549575e-03
3.467543151483434317e-03
3.069198216183118260e-03
2.928688849759417383e-03
3.251695847897380972e-03
3.008963126018210973e-03
3.204741860539565487e-03
2.838982639869923417e-03
2.808101137546353994e-03
3.034967055186963466e-03
2.788855291664396000e-03
2.784477229013385558e-03
3.030471460652704643e-03
2.765290149073051321e-03
2.856465507503152656e-03
2.574212689881640731e-03
2.603331213956481399e-03
2.835632981197338479e-03
2.647728882853639821e-03
2.743664282555309270e-03
2.999913171008068702e-03
2.785505632991811063e-03
3.087151211349341458e-03
2.811215732452441735e-03
2.905799515496752632e-03
3.169247231798488426e-03
3.111774140889923303e-03
3.132606667195737479e-03
3.607553007403328273e-03
3.406309040310914055e-03
3.849962516603565223e-03
3.627357129730717378e-03
3.513086756242266625e-03
4.234468072651358800e-03
4.125986144412901666e-03
4.136505247963650871e-03
4.725721961659693285e-03
4.513811976162468084e-03
5.435144408948240982e-03
4.847014865172248263e-03
5.102881775004449588e-03
6.185703015373797582e-03
6.109219142349771661e-03
6.863538769039283401e-03
8.652844159615964356e-03
1.000102300938983738e-02
9.968966188233781972e-03
1.161123919286646475e-02
1.327601955314125504e-02
1.441863513911332759e-02
1.436868408873267361e-02
1.422303270241684521e-02
1.686056569439867148e-02
1.602823428020290139e-02
1.531478636591308666e-02
1.738287738355544579e-02
1.631151550180283405e-02
1.715742184851382079e-02
1.664580556073266479e-02
1.609020296564572100e-02
1.729675589610503439e-02
1.586639287696957681e-02
1.505703894594890777e-02
1.590182873976903055e-02
1.499841991917866789e-02
1.522528583681927866e-02
1.549440446648775969e-02
1.487527588850494874e-02
1.804417052465369029e-02
1.543246516401574654e-02
1.717387631216862540e-02
1.828960647984757826e-02
1.602949774794782192e-02
1.636851846517840825e-02
1.327017234194963723e-02
1.162569561450604166e-02
1.172656735330415353e-02
9.335087358903272278e-03
1.050317798056947874e-02
1.025994574818650182e-02
1.021313867568274768e-02
9.412305806197602751e-03
8.003039760105268643e-03
8.384489487188598669e-03
7.217486035442441036e-03
7.667456850459704841e-03
7.401981709171930567e-03
7.634371625325223933e-03
7.030110830573360961e-03
6.767015709921371178e-03
7.201266635554134064e-03
6.902647503190255558e-03
6.887544656192809943e-03
6.545585641881009747e-03
6.926653390343782100e-03
6.544469088990147523e-03
6.047279839877759376e-03
7.252040409117529313e-03
7.134038398335935949e-03
7.148024692442518473e-03
9.285371372289115063e-03
1.315657777678986423e-02
3.332090594336504369e-02
5.390112067881538960e-02
1.671363614885251203e-01
1.738943566264071761e-01
8.149913478006881595e-02
2.388256682502787678e-02
2.025820675831999790e-02
1.170115108355164468e-02
6.948191107949088299e-03
5.492499967973556857e-03
3.773537409521163493e-03
2.756445874858594585e-03
1.665132955924534999e-03
1.171410897367980170e-03
9.130464350167460811e-04
5.658278689295706326e-04
3.870324915376385441e-04
2.699707358220333146e-04
1.606367014300234917e-04
1.056611630404910508e-04
6.088151552277459719e-05
4.222332905705941100e-05
2.306563208753767270e-05
