2.227140836609585277e-04
6.373725420560326642e-05
6.410356026425615089e-05
7.692427231710737836e-05
1.227125296487189263e-04
1.417604446986693253e-04
3.036677226232477301e-04
2.175857988398180367e-04
1.448007849854883369e-03
2.891620027005931907e-03
4.987256988559128461e-03
7.064578647179680683e-03
7.953969757588903039e-03
1.012433315510729084e-02
5.731224593683153026e-03
1.080602873026032321e-02
1.825046676026305381e-02
2.087651489474563749e-02
2.160949331811007693e-02
1.847318084392401277e-02
2.328424461827110006e-02
1.403574924940287523e-02
1.958455342587688691e-02
2.584142721372693907e-02
2.514581200834509894e-02
2.635388938978233675e-02
2.120912079600246331e-02
2.794512290857049941e-02
1.966660598301513477e-02
2.432455382484531234e-02
2.909642285091654235e-02
2.681433610550902277e-02
2.927481390148050158e-02
2.770262829774228566e-02
3.178730715778068511e-02
2.719492810044937814e-02
2.965503959036220119e-02
3.513571083992677452e-02
3.376242942603708413e-02
3.385034288011377901e-02
3.743428135797367828e-02
3.709654717189570655e-02
3.538516526586939909e-02
3.747530763654279701e-02
4.158196486010037884e-02
4.172372530479904335e-02
4.043066491775433591e-02
4.847071659912666891e-02
4.456845815629740387e-02
4.636518937398984019e-02
4.868427303132130679e-02
5.193157624127919814e-02
5.693934636912288683e-02
5.515616847560060598e-02
6.557757584427539865e-02
5.843827076113052021e-02
6.157421692925792861e-02
6.246873632448829428e-02
6.390209193199705706e-02
6.569296225275104983e-02
6.422883693631543933e-02
7.594367099809358479e-02
6.944210476306340862e-02
7.138865515874487366e-02
7.436342666106501853e-02
7.602242680070396552e-02
7.644148093180287706e-02
7.793527703898936454e-02
8.907024860991998028e-02
8.605848019567591267e-02
8.293901780018787806e-02
8.640317419686828482e-02
9.297250705274924532e-02
8.652442150228238649e-02
9.357508051923325854e-02
1.061789393853619784e-01
1.059774710531028868e-01
1.005942372151399783e-01
1.089126815010885152e-01
1.200791553930632832e-01
1.054569501437571249e-01
1.293536584920958465e-01
1.364775787207773150e-01
1.447813707643797188e-01
1.333932817069199694e-01
1.317441718308646481e-01
1.629058282404661773e-01
1.284312998364078862e-01
1.310328054649607110e-01
1.693297375910619573e-01
1.430802454279956892e-01
1.531269216986685666e-01
1.463663770801707786e-01
1.375222836000553617e-01
1.528126311003443760e-01
1.240348945204558656e-01
1.342790097567426455e-01
1.490338177992811541e-01
1.335753358180704342e-01
1.269712038866174508e-01
1.350980701038905218e-01
1.334167252946737436e-01
1.167076744292220580e-01
1.172270964203918631e-01
1.302694236387280935e-01
1.150900668742108890e-01
1.070708946381817711e-01
1.169875322580328642e-01
1.086101126966412256e-01
9.979422478304206257e-02
9.633043469242030810e-02
1.068906720573245400e-01
9.430476218806982391e-02
8.582221278784478435e-02
9.603885506973261488e-02
8.561012157988476257e-02
8.174888941562462319e-02
7.617407750898626262e-02
8.229175499454821630e-02
7.412715925323390409e-02
6.581091280363728091e-02
7.339418082986945424e-02
6.307643807579343953e-02
6.148813500547450211e-02
5.855182563931291689e-02
5.947052123441436827e-02
5.371109107421494222e-02
4.744762377730914193e-02
5.212901520689310064e-02
4.424427729438959456e-02
4.416918455236575058e-02
4.314975479113475343e-02
4.278051828401263634e-02
4.006509147121874864e-02
3.625184540064214228e-02
3.963871121894678440e-02
3.399979575204415544e-02
3.535586078117716746e-02
3.757860594508291574e-02
3.654745438997502455e-02
3.550274951069697787e-02
3.445071851024587156e-02
3.748116853348124750e-02
3.292432116383926799e-02
3.587711430264023393e-02
3.539285769310110408e-02
3.640386241498309167e-02
3.266167971978514023e-02
3.203859311401657112e-02
3.639214062110619763e-02
3.152722985613713724e-02
3.464339549709728738e-02
3.374850979580827637e-02
3.744783468214383376e-02
3.302395641179284996e-02
3.256277708394886283e-02
3.780425047721309995e-02
3.075469037843818476e-02
3.618041571920482813e-02
3.638371558175718112e-02
3.993468651433831895e-02
3.569176343696187081e-02
3.362726249039416776e-02
4.192885669764466472e-02
3.223236901904395074e-02
3.209024226828662701e-02
3.997058450808630564e-02
3.282834897647220890e-02
3.917716558504413804e-02
3.308622844176384303e-02
3.219207535259213659e-02
3.788410519799943060e-02
2.771801315220570605e-02
3.510640635523454289e-02
3.522215906976886024e-02
3.812257044218245877e-02
3.479834295990746201e-02
3.211698261056829262e-02
3.952552264682304001e-02
2.880997151304998116e-02
3.812696611488629317e-02
3.863246847582728349e-02
4.169258928981355028e-02
3.624195513705850968e-02
3.506611268878272875e-02
4.323034212403838866e-02
3.174664718527021867e-02
4.197171450650705182e-02
4.278051828401263634e-02
4.613881222974235835e-02
4.050612396583683217e-02
3.972992142755134987e-02
4.969784189561386040e-02
3.716174965033592487e-02
5.459498759374437765e-02
5.606900317376361381e-02
5.738733867885537077e-02
4.622489415352578485e-02
4.894325141478889779e-02
6.181890937643806649e-02
4.243435905858565504e-02
7.783564179103577563e-02
6.410026350972827802e-02
6.482591581191965435e-02
4.736740275046415899e-02
3.825407431723885227e-02
4.466443034366446296e-02
3.241588835442905242e-02
3.576978662745493309e-02
3.498918841646562333e-02
3.135982798733276400e-02
2.181535732307300288e-02
1.354196868233877547e-02
1.943473424788785472e-02
1.129248317615136332e-02
1.028367629062129814e-02
9.003070309570787577e-03
6.801937203125557260e-03
6.102658937157185576e-03
4.475893730679691117e-03
4.206658777569815232e-03
2.630077501127766650e-03
2.312123842217056208e-03
2.844000239381055950e-03
2.211389676087510865e-03
2.375128484305353855e-03
1.834094435675031731e-03
1.872556571833585521e-03
1.502953758652817232e-03
1.300020202159114791e-03
1.520902755526808842e-03
1.191959914856511541e-03
1.292694080986056884e-03
1.045803797454007440e-03
1.063020182210693389e-03
8.084374714469333163e-04
7.025750204962474821e-04
8.186940410892142982e-04
6.681422509828755830e-04
7.150294264904457709e-04
6.040386907186194457e-04
6.772999024491978574e-04
4.802272428939417847e-04
3.560494890106112933e-04
4.908501185948757053e-04
3.934127069932063223e-04
4.084312553979749108e-04
3.439613890750658890e-04
3.479907557202476724e-04
2.890154802771320260e-04
2.344358775378510746e-04
3.483570617789005569e-04
2.043987807283138977e-04
4.091638675152806798e-04
2.534837925878014736e-04
