4.553134861598212395e-03
7.580366517897878503e-04
9.028386655730740763e-04
9.988692439045483533e-04
1.161440695410587750e-03
1.344050023497603882e-03
1.679022828228652394e-03
1.836301255732169417e-03
2.657476122409186715e-03
3.259746639267606730e-03
4.882058496040664157e-03
6.747849456929742515e-03
9.219691666107615591e-03
1.072366662910999649e-02
1.077092577198966034e-02
1.336791019151287868e-02
9.031033167732000974e-03
1.789382378681240310e-02
1.718833930190480017e-02
2.365943921813123962e-02
2.589536378605383771e-02
2.679215328133831286e-02
3.185379652032169912e-02
2.729914936615133320e-02
3.599558780229532295e-02
3.241825972287638857e-02
4.108483038072043014e-02
4.043416650155323699e-02
4.306442135766373747e-02
4.652341254331199966e-02
4.651093612959177059e-02
5.449621898368259970e-02
5.294989982866003808e-02
6.184293629918342222e-02
6.312800691236720996e-02
6.640968179393097470e-02
7.084334554232940562e-02
7.180213903307200440e-02
7.969668433283387532e-02
7.696888660581975572e-02
8.571636491627378229e-02
8.597761345811255618e-02
8.867781184568494790e-02
9.164795445738599389e-02
9.177498703344652564e-02
9.679315186098061408e-02
9.624381158414740955e-02
1.013697272574471397e-01
1.043111363102773442e-01
1.029663301404936532e-01
1.097115330854221416e-01
1.046094360201337697e-01
1.125425447804854484e-01
1.086911136723644616e-01
1.156949186471304680e-01
1.144200560088086821e-01
1.158166581991884742e-01
1.172302736810049428e-01
1.186590120885429034e-01
1.185448339993456363e-01
1.244654594193097680e-01
1.193667650123087232e-01
1.322575468973085366e-01
1.185561761936367586e-01
1.382760932613193161e-01
1.198488082696812784e-01
1.427914208086137893e-01
1.221266989564810251e-01
1.456976690591415269e-01
1.298000714675660860e-01
1.450919958839957669e-01
1.337774009323184909e-01
1.449834888919440679e-01
1.372560519214046926e-01
1.439350920663016453e-01
1.347936615408027450e-01
1.444265871522501243e-01
1.304772004667458796e-01
1.421804546094655175e-01
1.294537564685439013e-01
1.408382949516830962e-01
1.283361722577256447e-01
1.398401818540646324e-01
1.251701877579312894e-01
1.246847418422713932e-01
1.137493542530605140e-01
1.122128649997569255e-01
1.055504600731536069e-01
1.007931657143152498e-01
9.663322692147582882e-02
8.962299470327821094e-02
9.210844754560541803e-02
7.694090919323498534e-02
8.319386090592890970e-02
7.002443911451061709e-02
7.477681852248947714e-02
6.233291909255976593e-02
6.570684382102463805e-02
6.157563858705605159e-02
5.540548489268730392e-02
5.620284115135297520e-02
4.943608803727136264e-02
5.084252012937012094e-02
4.418692051934148407e-02
4.608673806310392002e-02
4.398427331467348600e-02
3.925949324613633995e-02
4.114305364474817733e-02
3.617441639895196959e-02
3.853321473836168742e-02
3.393319880702685282e-02
3.669615733634344623e-02
3.514832588874873542e-02
3.241221055258779182e-02
3.485758764175304891e-02
3.079594786610332854e-02
3.289690032196160990e-02
2.875132830855760616e-02
3.103602431193201380e-02
3.048857440081400444e-02
2.763865904859882927e-02
2.951503605749295281e-02
2.673733267559790655e-02
2.882164991316254338e-02
2.629801168338856063e-02
2.794187370931474484e-02
2.807949233338032438e-02
2.577475845342493826e-02
2.747495337766367798e-02
2.509876367367424449e-02
2.709423372262511828e-02
2.502995436164145646e-02
2.659631139324499308e-02
2.686663369051666209e-02
2.484280815583799276e-02
2.651200108234767414e-02
2.432522602301992812e-02
2.551388798472919994e-02
2.339478801800512833e-02
2.517589059485385306e-02
2.491502012615811473e-02
2.438533965276285659e-02
2.546171389099005297e-02
2.577438038028189923e-02
2.545339628184323244e-02
2.532447334006751247e-02
2.714187093864781769e-02
2.617891864333181384e-02
2.509536101538690708e-02
2.527910456290303684e-02
2.444205062421845459e-02
2.381860801134994335e-02
2.398496019428635745e-02
2.431463997501488380e-02
2.429157751328960696e-02
2.442617155221088465e-02
2.444583135564882756e-02
2.401218146058504282e-02
2.509195835709957315e-02
2.456832705399291175e-02
2.501709987477818836e-02
2.580613852429703217e-02
2.490783673644040783e-02
2.699971543686579059e-02
2.683676591221671390e-02
2.719631347124518844e-02
2.684357122879138871e-02
2.656417517608682111e-02
2.763752482916971911e-02
2.751843178911296886e-02
2.912108384244808598e-02
2.923866458993268705e-02
3.010596438006025305e-02
3.049537971738867578e-02
2.837136479980511758e-02
3.120804759201398562e-02
3.311580467178020654e-02
3.307043589461573091e-02
3.432639487578564158e-02
3.190823905291906987e-02
3.500238965553633536e-02
2.977590652618869113e-02
3.529388404881809299e-02
3.226929890451969013e-02
3.572564357816668951e-02
3.162884300021449879e-02
3.607082435775974677e-02
3.057553122371258272e-02
3.577743959876280438e-02
2.941522474773110643e-02
3.762583919507216795e-02
3.196381580494554731e-02
3.615891540008744215e-02
3.271844979844800577e-02
3.550144620434557419e-02
3.388178085957377350e-02
3.491845741778205198e-02
3.479142484172152022e-02
3.538613389571919343e-02
3.487724744519098835e-02
3.651354800825643010e-02
3.602545558059527114e-02
3.865533236356273605e-02
3.524927141793969543e-02
3.991053519844657560e-02
3.692980653874049224e-02
4.034834389808376887e-02
3.960996704973192284e-02
4.296650041361707584e-02
4.437822552971835283e-02
4.206630826004525980e-02
4.712681727959953243e-02
4.309428913596368566e-02
4.847426996138447242e-02
4.647161652271589172e-02
4.999601436210960453e-02
4.930111592520704938e-02
4.458049466124331534e-02
5.083004371564989188e-02
4.408673113643659519e-02
5.052758520122005437e-02
4.152188293407155228e-02
4.490639371054146178e-02
3.983945744755556378e-02
3.343716684336191236e-02
3.236343911713597532e-02
2.779026637895678706e-02
2.817703520428394698e-02
2.609498640557753046e-02
2.846966381699481824e-02
3.180426893858381149e-02
3.508329730814632036e-02
3.724776605203486413e-02
3.816459342390032122e-02
4.003870199393622098e-02
4.494949404884771710e-02
3.962055309773696715e-02
5.187087907843158235e-02
4.493474919626926078e-02
3.655627027341964291e-02
2.712712608606936138e-02
8.689255046426281118e-03
4.200014546001373632e-03
2.514186401198049460e-03
1.758040115123448311e-03
1.317962976628030180e-03
1.280911808610374868e-03
1.010589511338704774e-03
9.436705650211025739e-04
8.189064278187932998e-04
8.075642335276742847e-04
7.402672140670347881e-04
8.060519409555250972e-04
7.633296757923101151e-04
5.897941031381891087e-04
