1.161221385794681019e-04
3.372409413834852196e-05
3.337642306475729925e-05
5.249833211227450109e-05
9.282817664885624107e-05
1.974771697998140138e-04
1.846133400769388072e-04
1.518279578372865859e-03
3.985353516576176439e-03
6.018186283864050343e-03
7.088317848377831756e-03
8.836060335320904471e-03
6.911353271919899212e-03
7.016697607218039430e-03
1.437967560373293666e-02
1.678868847264651173e-02
1.746873309259094204e-02
1.886358943983892575e-02
1.993615470186784269e-02
1.138553231796533317e-02
1.259195094332687427e-02
2.128963819135847035e-02
2.280617941436337975e-02
2.289309718276118580e-02
2.334611259165054672e-02
2.212022438616790057e-02
1.155867251261376294e-02
1.744091940670364563e-02
2.336036710566778696e-02
2.486404449894982424e-02
2.511019561905240838e-02
2.456017998063109511e-02
2.167311938552958853e-02
1.416863926206306419e-02
1.900926361967364767e-02
2.376505623532797207e-02
2.468568923819752792e-02
2.473679688601543650e-02
2.430916146549823298e-02
2.133553077307251064e-02
1.542060279806505528e-02
1.918796655149953428e-02
2.336801586928679425e-02
2.482545300978119748e-02
2.543213903319787791e-02
2.576659860599263621e-02
2.440650936610377561e-02
2.081228580731772290e-02
2.405223254211431849e-02
2.820794488475019540e-02
3.192489633251394815e-02
3.407663260697001845e-02
3.579760442124656911e-02
3.500108999164908141e-02
3.349219753226317930e-02
3.686460694609802746e-02
4.108637679271623377e-02
5.164375661338727747e-02
5.583701743197100331e-02
5.466640892718935968e-02
5.351666068682318922e-02
5.165835879847811146e-02
5.415915683081976711e-02
5.478844147401987913e-02
6.555824832065515473e-02
7.145857411057178477e-02
7.571650174884347884e-02
7.771421973769863933e-02
7.485740652599956468e-02
7.828057591657874847e-02
7.917826262859127551e-02
9.078282772291908220e-02
9.831164482153699480e-02
1.038274464040617184e-01
1.069644825010753197e-01
1.051882309860977666e-01
1.087761964655591801e-01
1.116076296888860869e-01
1.210107415452342794e-01
1.278689011428947031e-01
1.361970140396988327e-01
1.394456525513352307e-01
1.358754182966269708e-01
1.411502838251529890e-01
1.443679796112397329e-01
1.511517375991516532e-01
1.541632644385988182e-01
1.655042948591444740e-01
1.714619863762036622e-01
1.720283425550837575e-01
1.668664701254748972e-01
1.668963698378037319e-01
1.665959820302209127e-01
1.662427482194522299e-01
1.631088411621009759e-01
1.663369670803954703e-01
1.628696434634702150e-01
1.551176215356067367e-01
1.495152498557577869e-01
1.430576073348744370e-01
1.382680906250817465e-01
1.322912771989750713e-01
1.295019121755526803e-01
1.256646665363263804e-01
1.146351493977184471e-01
1.096394637412861778e-01
1.025925187506657038e-01
9.944435717929718532e-02
9.645264759104472951e-02
9.416531959788808359e-02
9.010556447156338467e-02
8.048063847026398765e-02
7.504028151070855912e-02
7.068883035364081913e-02
6.909580149444584374e-02
6.767174077701619550e-02
6.641143313524801306e-02
6.306927110481559684e-02
5.731566250795447348e-02
5.006811130787185843e-02
5.069565759570401897e-02
5.017554166961155082e-02
4.971105311529367549e-02
4.868785714571471218e-02
4.674089913360386650e-02
4.116981785037812647e-02
3.675578590006397389e-02
3.576109895851949105e-02
3.855776507448727825e-02
3.936470963629250253e-02
3.899131090325553411e-02
3.729119935339445663e-02
3.285109207256096259e-02
2.886504321383760382e-02
2.837969439510425879e-02
3.096010910329830695e-02
3.218078224267708481e-02
3.264422778377418927e-02
3.184979938061824334e-02
2.891093579555164411e-02
2.591783552300481672e-02
2.396670545801088056e-02
2.878612188013239537e-02
3.051196108943922056e-02
3.096219512973985566e-02
3.040557374092030946e-02
2.747505426161989811e-02
2.390586302013241599e-02
2.280583174328978946e-02
2.784671463928891505e-02
3.088640283569696679e-02
3.352835532391666012e-02
3.397024525845110388e-02
3.116697339208508374e-02
2.747505426161989811e-02
2.519607037422944007e-02
3.132377304627472631e-02
3.545028101872893522e-02
3.555979740691016938e-02
3.519126606890347897e-02
3.294218189384186257e-02
2.885078869982036359e-02
2.593521907668437654e-02
3.159356579938151638e-02
3.779497473902813931e-02
3.841904431612438303e-02
3.799349492204872475e-02
3.423690897189557436e-02
2.851876282454074776e-02
2.630305507254388983e-02
3.329332967816899663e-02
3.811309377136410520e-02
3.989629870781348508e-02
3.917349054581733409e-02
3.772335449786834438e-02
3.328220420381407946e-02
2.709261608066955429e-02
2.571131890529163022e-02
3.507375324602964722e-02
3.764339015094236851e-02
3.820070688190909530e-02
3.759436852956600517e-02
3.255035659390455305e-02
2.458347394256170729e-02
2.616642034062253985e-02
3.467462685354692070e-02
3.761696714934942981e-02
3.847189031931024655e-02
3.927361981501160254e-02
3.535884352637444494e-02
2.627315536021504472e-02
2.786827024585157228e-02
4.030307386391521196e-02
4.393554124079630113e-02
4.571457412436258361e-02
4.619470787699205688e-02
4.085969525273475816e-02
2.913935569090107813e-02
3.123755062002410085e-02
4.480402358262717405e-02
4.756522724908865407e-02
4.725788602003401506e-02
4.688657331343858842e-02
4.132001175416953609e-02
3.069970346917848258e-02
3.777620050105421484e-02
5.362548173285724279e-02
5.956787572267840947e-02
5.163993223157777729e-02
4.407252364379123794e-02
3.769067341695077344e-02
2.677241102189203970e-02
3.563871874061538131e-02
5.102733579991004104e-02
6.392454194585001082e-02
6.396730548790173498e-02
4.516003876198457917e-02
3.385551380416600142e-02
1.858336655452439909e-02
1.028828240971143768e-02
1.434143178563790193e-02
1.269347089681551084e-02
8.610769479633791773e-03
6.021315323526371666e-03
3.444724997141826277e-03
2.230309937087688460e-03
1.962950881496038687e-03
2.074553296118820684e-03
2.123574917495183161e-03
1.866993665184861354e-03
1.542616553524251517e-03
1.215110402201320357e-03
9.439269648001673719e-04
8.799554872593825551e-04
9.460129912417146675e-04
9.717406506874650806e-04
9.084645152938626957e-04
8.347582476925237242e-04
6.605750398233215578e-04
5.788723375293844571e-04
6.021662994599963044e-04
6.358903935983448467e-04
6.529262762043146987e-04
6.685714745159196870e-04
5.618364549234144967e-04
4.690082782745583234e-04
3.758324305521108257e-04
4.404992502400781286e-04
4.610118435819601942e-04
4.954312798674911141e-04
5.030800434864980816e-04
4.464096584911288537e-04
4.832627922917983937e-04
4.742233443784266166e-04
5.291553740058396564e-04
