2.409292096107817915e-02
4.536009575383824488e-03
4.062899477844548676e-03
5.104423286657158373e-03
5.689278963913469746e-03
5.837675180530742768e-03
5.129953175656181905e-03
4.969539376629531630e-03
5.672777208963281081e-03
6.064693889030253401e-03
5.795225013811054933e-03
6.188755995992719500e-03
6.723269362857514468e-03
6.697978629727334779e-03
6.855642136262286510e-03
7.393025373553200642e-03
7.574903411808536942e-03
7.075486168696497498e-03
7.306450949031922416e-03
8.226603154406554250e-03
7.385013651946949718e-03
6.729547204414651658e-03
6.978508463880536000e-03
6.734150954889885424e-03
7.236019545657568393e-03
7.285405232573711164e-03
8.203883346866438706e-03
7.897464889910948624e-03
6.954353721127361741e-03
8.266542184503384780e-03
9.222866715040566390e-03
9.959765735914010917e-03
9.595053035927964685e-03
9.789128023494310035e-03
9.722762269890291784e-03
8.330994691156657500e-03
1.141251806120268872e-02
1.206128814440737482e-02
1.332050358283460613e-02
1.412424666904975486e-02
1.292517893163661752e-02
1.115781706088456518e-02
1.101390501680810444e-02
1.231252138462727089e-02
1.221745692676205579e-02
1.261278157796004440e-02
1.340378961415928868e-02
1.423575309289794831e-02
1.544187592844196294e-02
1.824083663944962505e-02
2.047634612346245497e-02
1.962889730221619236e-02
1.885307566368849691e-02
1.767033031432391210e-02
1.685379238912564775e-02
1.816687768700983585e-02
1.924224205126377069e-02
1.914998767485746531e-02
1.791821537238000306e-02
1.763296220981714832e-02
1.744056131333270726e-02
1.673307846432698850e-02
1.726531985043777001e-02
1.804532671667022359e-02
1.778865268043414161e-02
1.652088741969576224e-02
1.569065782100621809e-02
1.528833786064456163e-02
1.469373658173288473e-02
1.532510807547921884e-02
1.604508681863199906e-02
1.629775499406495645e-02
1.655915235871069022e-02
1.671890847909802275e-02
1.728128350468306068e-02
1.624292851113262603e-02
1.875424450088900019e-02
2.124122638099056742e-02
2.293427056549956003e-02
2.404305696242434870e-02
2.501833459556736250e-02
2.738950524618155580e-02
2.997244841865650405e-02
2.702018879572027840e-02
2.284446753674889558e-02
2.708733180589803849e-02
3.104560059112363921e-02
3.313355090406014392e-02
3.279149822264700725e-02
3.140851962209335879e-02
2.787379588058925758e-02
2.247395530694340157e-02
2.361126104122775876e-02
2.649111622487166848e-02
2.839718849955283689e-02
2.797549691381487347e-02
2.661505875389971396e-02
2.431485760736476834e-02
2.050044107724841719e-02
1.962513059728190901e-02
2.001471550762765755e-02
2.259335387446342186e-02
2.442427141736058446e-02
2.472028659402138867e-02
2.371768540286302643e-02
2.032920547515660800e-02
1.857613316756794725e-02
1.838193860206717781e-02
2.034074474582829931e-02
2.161616299436966426e-02
2.092781261487141123e-02
1.960330762424995765e-02
1.757747804824550189e-02
1.720038903204681308e-02
1.803964676478519297e-02
2.281529052075001104e-02
2.518090079741359955e-02
2.654480671742698999e-02
2.780796822769013646e-02
2.591702256171330571e-02
2.163810554533603797e-02
1.941694541345380734e-02
2.547930753276283697e-02
2.648962150069139598e-02
2.605065090342950640e-02
2.545138608507538022e-02
2.500673553592846349e-02
2.058940706045812863e-02
1.715106313409787975e-02
2.484434870098385303e-02
2.674814899491101405e-02
2.568001909568958657e-02
2.447054807798176163e-02
2.805346172705779420e-02
2.460531241007496775e-02
2.100613616191759556e-02
3.039252570227977263e-02
3.256382183550817627e-02
3.230194615912474615e-02
2.816616393025020079e-02
3.340840078632831278e-02
3.199439171179225411e-02
2.590422772273019009e-02
3.589424667605287805e-02
4.151440959387063534e-02
4.434607486994261716e-02
4.178471551463078248e-02
5.135603233057604855e-02
5.460550290951728808e-02
4.555889406981424722e-02
5.938036940890837473e-02
6.659629986158309423e-02
7.244611220245764094e-02
6.905840953132497129e-02
8.160608092399240787e-02
1.016291070980623878e-01
1.020365689096041639e-01
1.072885513673376423e-01
1.006033077876262172e-01
1.294905864514062088e-01
1.302875135953593388e-01
1.566167212970240585e-01
1.549929127365451964e-01
1.290377448137514094e-01
1.310528123756579122e-01
1.207356879827247848e-01
1.262301744914653689e-01
1.119975902138296009e-01
1.182258667171486866e-01
1.143177010864457471e-01
1.110681109295700852e-01
8.773140082577444987e-02
8.308490123898501500e-02
7.997139077148120168e-02
9.887612410283984354e-02
9.538367116115380184e-02
1.057674602525269930e-01
1.071268819999995764e-01
1.000287358127301685e-01
8.558509648084018651e-02
7.240276520122979065e-02
9.164004476821506484e-02
8.428737694752917731e-02
9.117123947631496084e-02
8.595303778505561376e-02
7.421275660560316956e-02
6.127848975095050166e-02
4.670923379895056127e-02
5.405305285248925007e-02
5.144499831378575999e-02
5.205550345797551465e-02
5.190513420544028145e-02
5.168170283497341977e-02
4.847492157862070411e-02
4.460735265665393551e-02
4.344559323478034557e-02
4.618297130956085933e-02
4.633310140622724782e-02
5.294002143889249556e-02
6.758813903864351047e-02
7.976834743883322310e-02
9.371298805038165425e-02
1.048037218900556705e-01
1.251233611304585491e-01
9.434304418684934246e-02
1.032524373468035467e-01
1.196621770764543791e-01
1.189913448643489108e-01
1.005132656030067184e-01
9.516293029421142580e-02
1.102415284578803917e-01
7.952249520566230523e-02
9.186054647928859618e-02
1.141140000751584699e-01
1.368459447756165959e-01
1.314054477042673752e-01
1.255996400432599913e-01
1.339852818504473631e-01
8.816505020495457590e-02
6.501775154928285394e-02
1.071424869204415931e-01
1.314545942353146646e-01
1.165396982638689377e-01
1.004899479057944911e-01
1.061754003758064724e-01
1.239656075693880977e-01
3.046409309603113555e-02
9.015381062128831335e-02
9.974043341283957143e-02
9.605384569461997146e-02
6.960834845173015373e-02
7.894852112043836134e-02
7.467038136063483544e-02
2.835007479339070324e-02
4.655557615321873760e-02
6.486403411458380175e-02
7.758778401568713901e-02
9.600278591662191052e-02
9.515121165663810443e-02
8.246614521732018033e-02
4.764517029166884937e-02
5.003499510005281897e-02
8.128477501420143525e-02
8.560883270082288166e-02
8.807441013066297231e-02
7.742067385233289412e-02
8.184792729636021502e-02
4.617256802926617693e-02
4.963010421410109924e-02
7.902206155010768618e-02
8.794765752017601190e-02
1.037345157894244418e-01
1.194182978792014266e-01
1.384860757241439810e-01
1.051772235682217060e-01
