0.000000000000000000e+00
2.789859539711615716e-06
3.538716574055260133e-05
5.971278313066967596e-06
1.561342444154395677e-04
1.438980183640728189e-04
3.298397094406417150e-04
7.268807723553895577e-04
7.491017588646715778e-04
1.229055489503480449e-03
1.158574827447608150e-03
1.709351834471727408e-03
2.006643182615733961e-03
1.988435678251299944e-03
2.539800024125885361e-03
2.442252830044389349e-03
2.372163727222161012e-03
2.849229708512847348e-03
1.462229013138325066e-03
1.699758633247455989e-03
2.511167255165687104e-03
1.956327821092513752e-03
2.095086624515012531e-03
2.144961481900383663e-03
2.711156133749224959e-03
2.234628546404798799e-03
2.205359493689929701e-03
2.881778069809482618e-03
2.155533581208764551e-03
2.084465580302426093e-03
2.945700114701822574e-03
3.099289224098578099e-03
2.926171097923841325e-03
2.660302378279744574e-03
3.032136815528677521e-03
2.770428412742045529e-03
2.325323453897529171e-03
2.982555627568539251e-03
3.308088185439100101e-03
3.314010518847961169e-03
3.186753767913747416e-03
3.660148881389024052e-03
3.579879238492057920e-03
3.119014020493380678e-03
3.985975108684817331e-03
4.518006217398242395e-03
4.335882228849699711e-03
4.696997732077635122e-03
5.363431547739273310e-03
5.722540309894784231e-03
5.541590999047172998e-03
7.077384203206314554e-03
8.653752732951788471e-03
8.004155964336831519e-03
8.524440296040944678e-03
7.696292516884443644e-03
7.645781375744402537e-03
6.471446289142633937e-03
7.916446696000634456e-03
6.810585530382315400e-03
7.197739722647557986e-03
7.457735053786998351e-03
6.753417882270329117e-03
6.997016670500938625e-03
7.014098442068646307e-03
7.219030755976935977e-03
6.578488794639990485e-03
5.882443311934044787e-03
5.245376438795686797e-03
4.824694987149698820e-03
5.155856209003888309e-03
5.280176265685773869e-03
4.890036434263997540e-03
5.234853284391511458e-03
5.198976669608904033e-03
5.971278313066967318e-03
5.466069011858137351e-03
5.912740207637229121e-03
6.388827290843806204e-03
5.898350405800821886e-03
7.556016421431575869e-03
7.195341422341489969e-03
9.003121459170412844e-03
8.421998611538902835e-03
9.743315245469688635e-03
1.030118926360359954e-02
9.692804104329646661e-03
1.135839919444168664e-02
9.726086639189363003e-03
1.177496927413441627e-02
1.041263681047944860e-02
1.110143844736298513e-02
1.193022251027415701e-02
1.099317231926049201e-02
1.232006867227070090e-02
1.158310524964898530e-02
1.209683096418956612e-02
1.168398069721645303e-02
1.153097892667016323e-02
1.186292326699163978e-02
1.090502254678644631e-02
1.224190366025456993e-02
1.224978378983164994e-02
1.348260803695894988e-02
1.425109197788898725e-02
1.743192341239387447e-02
1.692074283287197875e-02
1.693253855478549577e-02
2.246987134716679074e-02
2.119280090663774874e-02
2.578980419942361602e-02
2.571168813231168929e-02
2.511035103924332684e-02
2.891684518420669509e-02
2.405485418005242834e-02
2.396944532221388646e-02
2.878767958200846924e-02
2.422513350178324976e-02
2.835897116607278071e-02
2.448302420204185453e-02
2.698259151491084334e-02
2.678123217900955227e-02
2.560210049179564851e-02
2.976545193332107847e-02
2.646044727684692191e-02
2.996999268799572375e-02
2.644718320780724274e-02
2.870985718432177147e-02
2.783526069107428516e-02
2.975370515631176743e-02
3.115323574716288846e-02
2.850751895033637115e-02
2.696776120893659007e-02
2.540211161321211109e-02
2.442536710488781362e-02
2.433447641777826409e-02
2.655398098878357024e-02
2.557038419387050454e-02
2.908046799896556872e-02
2.780383806257437362e-02
3.136590135593564366e-02
2.943610167292249127e-02
3.238733256179953529e-02
3.810541888541162103e-02
3.650731881819892222e-02
4.185254286157375631e-02
3.594773172841781578e-02
3.752003783111423213e-02
3.235219012058000720e-02
3.542098666935857704e-02
4.214489077439301234e-02
4.031655387779779082e-02
5.152826519433569702e-02
4.252626946796200791e-02
4.430522095621391293e-02
3.234078595790013111e-02
4.345759310518363533e-02
5.650884970137980828e-02
4.711563735569182509e-02
5.628742295475427232e-02
5.358223809931812048e-02
6.206717985766524448e-02
4.687336007987476239e-02
6.941425048304368517e-02
7.237360622601883564e-02
7.468042850612668926e-02
8.051813617561694170e-02
8.332683950344767221e-02
8.153281298470048399e-02
6.423876736745340321e-02
8.678141978717372751e-02
8.426227451262255363e-02
9.776074069854406856e-02
8.519447915811986793e-02
9.331414509638161214e-02
8.373660624145583264e-02
8.683168620379273783e-02
8.177543287484698165e-02
9.596862303106090675e-02
9.908337884488840897e-02
8.583820253823017110e-02
9.685384056852097689e-02
1.036818994297046409e-01
9.175715874870149502e-02
7.942025302938411635e-02
1.077280278256579765e-01
8.785101277877578607e-02
9.905396295746092539e-02
9.074654436666701462e-02
9.168075575323676729e-02
1.077290067237420962e-01
7.998223841947128820e-02
1.041700269593457545e-01
7.975112058181307861e-02
9.819757396857786702e-02
8.344748869231415067e-02
8.683354611015255131e-02
9.807687583480718951e-02
7.280226569705031126e-02
9.748429987959159049e-02
7.170100535242730777e-02
8.990792237801054076e-02
8.713695557132224156e-02
1.064440072087317612e-01
1.267001494835894859e-01
7.724533726610999240e-02
1.058949432733548301e-01
8.783848288329919318e-02
1.049205481204324025e-01
9.992072826603552727e-02
1.314418339132067126e-01
1.349101187701103044e-01
8.676404434618079087e-02
1.276469886554442434e-01
1.140248876414997198e-01
1.449260571320044599e-01
1.409127218218687583e-01
1.580926768674129068e-01
1.531161547874178297e-01
6.160186065338386918e-02
1.408516875263245705e-01
1.245397214119601942e-01
1.266556096207625270e-01
8.736675189656691043e-02
1.019077445420648736e-01
7.584517039150419360e-02
4.747112419493613317e-02
8.534787248789980907e-02
6.675571012131532866e-02
7.399010957721278980e-02
6.407455721384405778e-02
6.397857625669714499e-02
4.942564105457303986e-02
3.165472523565210361e-02
5.954558733790380615e-02
5.635976352316995897e-02
6.069334534152199395e-02
5.137090732731511983e-02
6.247175843582764010e-02
4.913946019968367523e-02
3.918259833716553758e-02
7.640549165484837590e-02
8.613378081472698733e-02
1.149317388266186124e-01
8.007033924704112793e-02
1.532218757805016707e-01
1.405652130020099422e-01
1.386654654901789685e-01
1.883647575041647870e-01
1.794590364043632535e-01
1.683100724550167515e-01
1.583492460552579639e-01
6.992817197720109512e-02
1.313858898876998638e-01
1.077165747180738875e-01
