4.356419714157194062e-02
7.482654306701053484e-03
7.716356364926191432e-03
7.639066493527735084e-03
8.945206420174980563e-03
6.638290275555507915e-03
8.666544038790876744e-03
6.937240430126338092e-03
7.983827748842781818e-03
8.263929907678848469e-03
7.072579510610680319e-03
8.349727554929802995e-03
6.825657677599353962e-03
8.128263605046332635e-03
7.576828840945234317e-03
7.249410359483356679e-03
8.210985364104460629e-03
7.094176172390097637e-03
8.484084968969626134e-03
7.567273954218583717e-03
8.495668633014949109e-03
8.521846404868785654e-03
7.805491678088510160e-03
9.833090997027532643e-03
1.131246232891755174e-02
1.303908271596707080e-02
1.522918055368879288e-02
1.642308328351270788e-02
1.671234766249761819e-02
1.533552775184500970e-02
1.440274829626312682e-02
1.462709180105051937e-02
1.509285980675992983e-02
1.555960947891386198e-02
1.682000374924652597e-02
1.641843672900865359e-02
1.790873728064765191e-02
1.853065569546520283e-02
1.922737709335510525e-02
1.990551227322877662e-02
1.999418947538365507e-02
2.043999693005451798e-02
1.921173587467243579e-02
1.963810633374182130e-02
2.006761812543366927e-02
1.908621345863328184e-02
1.990741016168818059e-02
1.927855463732935926e-02
1.996271070472941181e-02
1.841992372052347199e-02
1.962527922553344156e-02
2.028319207665002510e-02
2.082965306409889639e-02
2.125000263564189723e-02
2.507954888013985695e-02
2.451967178461589639e-02
2.977472859541460681e-02
2.894888533785565030e-02
3.626609612644045300e-02
3.181214457879881496e-02
4.008261892944112170e-02
3.533678522562919838e-02
4.152017127079463826e-02
3.686556710189334285e-02
4.237899852088942293e-02
3.489025788223235752e-02
3.985866809123153609e-02
3.416395560214761928e-02
3.677014912348609832e-02
3.525196924482276728e-02
3.263949305823936331e-02
3.111215095942718861e-02
2.808102675647128690e-02
2.556815699179174409e-02
2.491423625088287283e-02
2.426882328582649628e-02
2.519950851966007085e-02
2.201989090586327011e-02
2.472078251688300879e-02
1.980937440609555761e-02
2.211112044077389802e-02
1.939570016637528344e-02
2.042330860049769437e-02
2.214554421076169247e-02
2.070949709128977814e-02
2.273146818928022117e-02
2.000806369446618896e-02
2.119339320400797158e-02
1.879426585803335367e-02
1.924890831070488750e-02
1.996670281493712409e-02
1.913045389306626889e-02
1.826835442148974989e-02
1.830814463470758352e-02
1.915034899967518744e-02
1.821122143441874716e-02
2.013175366647557488e-02
1.861547167627164087e-02
2.033587484250587440e-02
1.751332203679542565e-02
1.979517296486485098e-02
2.159509111310511584e-02
2.150196368973508743e-02
2.526868328178383596e-02
2.380946883422127222e-02
2.729804960032299402e-02
1.758027168831161752e-02
2.574649306254601228e-02
2.162054899623297444e-02
2.207466789346742772e-02
2.292753970046547060e-02
2.281510617035323665e-02
2.273578752163610620e-02
1.632825430497217983e-02
2.181014150888439460e-02
1.944268926685292082e-02
1.999059003175375146e-02
2.151250024290625798e-02
2.237800282482377626e-02
2.348329379692245394e-02
1.766835989059978296e-02
2.504885544264123104e-02
2.053888346323238731e-02
2.311529976908712272e-02
2.232394572594560006e-02
2.363499398481544098e-02
2.231491439465602480e-02
1.971991187078506874e-02
2.392288403077802439e-02
2.065746876973027432e-02
2.526685083775407140e-02
2.503112000221026021e-02
2.695184856755598532e-02
2.657541220829779532e-02
2.503458855698089194e-02
2.910529752468233450e-02
3.023905682367205791e-02
3.528783279226252456e-02
3.522854013901357412e-02
4.023065422927457613e-02
3.546034430877931243e-02
3.758912071593342036e-02
3.989328819450824182e-02
3.987116797729174655e-02
4.805270334806063803e-02
4.645932781974715375e-02
5.364165763885505450e-02
5.220449796407934662e-02
6.287154732794052181e-02
6.946356839174437636e-02
9.064858470875912511e-02
1.169649024201335485e-01
1.370935147539866505e-01
1.430149267473247998e-01
1.447645181291760674e-01
1.411405982825900407e-01
1.356776899632718414e-01
1.439376932051726066e-01
1.321665308689461971e-01
1.397857022558650075e-01
1.209087146387735068e-01
1.329125319223509183e-01
9.548944372440047734e-02
1.291043205619138434e-01
1.025304790199272759e-01
1.218227769874799110e-01
1.021518829944911555e-01
1.112639072658047068e-01
9.677771732175748098e-02
1.108774579088124268e-01
1.121455091774123530e-01
1.015174646936133768e-01
1.182389091318302027e-01
1.088886016922170907e-01
1.165946832816906475e-01
8.889316877267038064e-02
9.966420933522092407e-02
8.369760094840951459e-02
8.615412305917366509e-02
7.750263123919876040e-02
7.035034041329313315e-02
6.126907502390782634e-02
5.370219373626705650e-02
3.941750719106473788e-02
4.435954329492117210e-02
2.740040468827149855e-02
3.632820289016368276e-02
3.405505607123565648e-02
3.204466863729053122e-02
3.085436535109652156e-02
2.782140870411084835e-02
2.997917699359307908e-02
1.613866179232075967e-02
3.572925547014786651e-02
3.482271923084945264e-02
3.696556619037499880e-02
3.876319378357805101e-02
4.640468172100226801e-02
3.974577645011186100e-02
5.079057106182392756e-02
7.204443491881426520e-02
9.111127682627570556e-02
1.012718517491947579e-01
1.155764988454356101e-01
1.279742261509836665e-01
7.241105461362726259e-02
1.106533761817435763e-01
9.222546824080468664e-02
1.063841088145307673e-01
9.707921980908404413e-02
8.886352244604590889e-02
9.833516385820156858e-02
7.728116728931527790e-02
8.511381840570214630e-02
8.148800067065667396e-02
9.227959078411249183e-02
9.411511070207397023e-02
6.774689555799931484e-02
8.884284200628136952e-02
6.622171312536508092e-02
7.669511242193748080e-02
6.630253699596379280e-02
7.482078395720268005e-02
8.822550470153824043e-02
4.902344057283058304e-02
7.898056279363681320e-02
8.448993665799554853e-02
8.777675224753381245e-02
9.642588806804189283e-02
1.053797985973582707e-01
1.261587976729199867e-01
4.361864690702792896e-02
1.017541771956017166e-01
1.226124949198805630e-01
1.115868755260514406e-01
1.140643398542986742e-01
1.151350761675502821e-01
1.427568793612756237e-01
3.384622289627167019e-02
1.210644069368742165e-01
9.696822605642378690e-02
1.074841642322586777e-01
8.804998274125824809e-02
1.019055501613465309e-01
9.430090743780659979e-02
2.456731532938988272e-02
8.016091852652637573e-02
7.300057803577568449e-02
8.502141087105810624e-02
1.114415888922626469e-01
8.405551653408110946e-02
8.103643410617797360e-02
1.696339249457592610e-02
7.846080313347886248e-02
7.721578830411032768e-02
