9.252692839085781273e-02
5.395158840862612076e-02
7.864140211953611626e-02
9.198016062402024351e-02
1.060930089319524067e-01
9.709520147960080949e-02
9.403763895343261736e-02
7.596723347600947696e-02
6.955442129201838686e-02
5.896875244961159723e-02
5.135611950976636669e-02
4.781086934373172947e-02
4.324893943965728293e-02
4.271928351983256961e-02
3.936137857540422669e-02
4.075658417064225575e-02
3.956753207713240711e-02
3.729556559636919288e-02
3.846971858170405295e-02
3.588332191207956046e-02
3.755386597670983678e-02
3.467634663398296707e-02
3.646364955129149238e-02
3.466498790794857177e-02
3.225420894408967398e-02
3.248942308255520911e-02
2.992308857839407268e-02
3.162601238801850123e-02
2.924001609914373551e-02
3.159267378952793082e-02
3.212564881760944513e-02
2.863638094417291294e-02
3.179956487086873368e-02
2.709808490408598461e-02
3.047782220504797676e-02
2.560854287639344889e-02
2.849919113622500014e-02
2.731139292805661103e-02
2.448550415821337464e-02
2.642172439931051581e-02
2.326215461271654780e-02
2.538453994803978320e-02
2.258712175124380148e-02
2.443483243882615952e-02
2.454045383935380201e-02
2.109905488277651064e-02
2.439920734353646231e-02
2.054365743447124706e-02
2.454318288392050643e-02
2.042158800858210818e-02
2.529912822889801571e-02
2.368545155240099967e-02
2.335132798788269043e-02
2.388253282489391505e-02
2.352429040704282978e-02
2.334948403885113433e-02
2.391115091386369559e-02
2.261898519050912701e-02
2.291195181264305686e-02
2.421348479707794224e-02
1.843071311818958793e-02
2.281171474328756374e-02
1.705350446549956656e-02
2.153260417907642416e-02
1.642965962914286898e-02
2.051371170219874751e-02
1.770309083033681091e-02
1.739603643760177440e-02
1.742915376220855600e-02
1.625625466221515894e-02
1.717675401876889857e-02
1.539203263010456221e-02
1.689713758762344600e-02
1.651352243109812518e-02
1.502656193204976974e-02
1.666952051916793104e-02
1.453666155334544692e-02
1.654427950094451358e-02
1.427061658707226219e-02
1.630242714596536954e-02
1.460931314518883195e-02
1.523227288601037947e-02
1.434776741455264827e-02
1.461668894131506156e-02
1.395898920073896168e-02
1.416986321198793371e-02
1.381833276861172029e-02
1.397868257639600133e-02
1.355863098700709445e-02
1.434348945279943256e-02
1.381862780045676857e-02
1.712630357326547573e-02
1.796323515970901091e-02
2.636434070544843231e-02
3.755135820602691077e-02
3.705717986556936877e-02
5.469211833969980091e-02
3.172860971213438408e-02
7.917681116033928324e-02
4.460202923901453176e-02
8.426994590142494745e-02
6.680642092926815379e-02
6.505430055948177581e-02
6.725147646752499542e-02
4.654533024439285599e-02
7.643913691216577821e-02
6.332637280098941945e-02
8.335003660856131480e-02
7.120055147147083541e-02
9.152256623234880650e-02
7.443749335942898004e-02
1.042809233396597424e-01
7.830676224928898033e-02
1.071917075229159022e-01
8.831623389831452786e-02
9.773785459607939319e-02
9.042099108089607373e-02
9.230735094017988862e-02
8.285504693052987701e-02
8.927671006987245028e-02
9.716777931348292985e-02
1.002001903748606648e-01
1.175463664306491129e-01
1.129103835334673012e-01
1.410587080479674404e-01
1.271192647069629977e-01
1.698730669526663517e-01
2.292295650046339284e-01
2.323451750463155774e-01
2.582654928249648596e-01
2.331265668879285990e-01
2.938823272230036143e-01
2.800611178939027002e-01
1.903227567444893964e-01
2.395320032757934092e-01
2.170661396128648890e-01
2.075914131829911247e-01
1.711597745868874976e-01
6.144141434296958304e-02
4.001457908034332378e-02
1.296937863448242509e-02
1.403990168424372638e-02
6.283588235859499140e-03
5.858594863066016178e-03
4.613486718996804778e-03
3.963015258624412104e-03
3.917654112448086014e-03
3.401643415456899987e-03
3.441915262306126724e-03
3.093187621457881096e-03
3.074158067452202690e-03
2.842779342972307378e-03
2.797418196795981287e-03
2.750803165278195659e-03
2.553869408707803122e-03
2.716210681446167875e-03
2.212738837869576789e-03
2.531963294212893987e-03
1.925230304869056212e-03
2.273589155910990187e-03
1.546409415825784721e-03
1.898308649008309795e-03
1.293124576850980490e-03
1.593024447343570566e-03
1.077603814042483706e-03
1.250492475241360120e-03
8.932826688479480722e-04
9.482323499883759787e-04
7.805805040391242513e-04
7.263684025113197615e-04
6.613138806779542437e-04
6.114534988646263408e-04
5.975870021473103340e-04
5.109951556253475519e-04
5.264105695291722460e-04
4.552341369110342664e-04
4.804593596627474220e-04
3.719613986458758298e-04
4.151835639455948791e-04
3.296980868425668969e-04
3.617090420304134267e-04
2.724619089030071574e-04
2.929666221339319635e-04
2.281333741843533352e-04
2.351403805042736803e-04
1.884515910252256021e-04
1.875664954900777730e-04
1.576207632175761597e-04
1.388124830956847784e-04
1.317317188145021459e-04
1.059901903339527341e-04
1.070228017916251924e-04
7.633948990650039261e-05
8.696063632827436853e-05
6.284178299549597222e-05
5.996522250626552775e-05
4.831146462681908685e-05
5.111426715478721675e-05
3.562509528970018096e-05
4.174700607447268341e-05
3.392866218066684417e-05
3.348611441309292286e-05
2.441388517782766475e-05
2.315999983636823572e-05
1.807070050926820842e-05
1.534165594256239648e-05
1.703808905159574005e-05
1.253885341459426828e-05
1.143248399565948025e-05
6.859490397395687980e-06
8.187133700117432428e-06
3.982929908165237581e-06
5.753120978460899104e-06
3.687898063115961084e-06
4.204203791952195695e-06
2.655286605443491862e-06
2.950318450492768782e-06
1.917706992820299560e-06
1.770191070295661312e-06
1.327643302721745931e-06
9.588534964101497801e-07
8.850955351478306558e-07
6.638216513608729654e-07
1.032611457672469010e-06
4.425477675739153279e-07
6.638216513608729654e-07
2.950318450492768676e-07
1.475159225246384338e-07
7.375796126231921691e-08
2.950318450492768676e-07
7.375796126231921691e-08
0.000000000000000000e+00
1.475159225246384338e-07
7.375796126231921691e-08
0.000000000000000000e+00
0.000000000000000000e+00
1.475159225246384338e-07
1.475159225246384338e-07
7.375796126231921691e-08
1.475159225246384338e-07
7.375796126231921691e-08
7.375796126231921691e-08
7.375796126231921691e-08
7.375796126231921691e-08
7.375796126231921691e-08
0.000000000000000000e+00
0.000000000000000000e+00
0.000000000000000000e+00
0.000000000000000000e+00
0.000000000000000000e+00
0.000000000000000000e+00
0.000000000000000000e+00
0.000000000000000000e+00
0.000000000000000000e+00
0.000000000000000000e+00
