0.000000000000000000e+00
0.000000000000000000e+00
0.000000000000000000e+00
0.000000000000000000e+00
0.000000000000000000e+00
0.000000000000000000e+00
0.000000000000000000e+00
0.000000000000000000e+00
0.000000000000000000e+00
7.331582066790764905e-08
0.000000000000000000e+00
1.466316413358152981e-07
0.000000000000000000e+00
7.331582066790764905e-08
7.331582066790764905e-08
1.466316413358152981e-07
2.346106261373044770e-06
1.246368951354430100e-05
2.082169306968577503e-05
2.829990677781235733e-05
1.005893059563693116e-04
2.825591728541161553e-04
5.310264890976551522e-04
5.645318191428889965e-04
7.509739511013781505e-04
1.062199609836646241e-03
1.327602880654471865e-03
1.472621573935593191e-03
1.444834877902456119e-03
1.268730276658141956e-03
1.366093686505123446e-03
2.012445961513397406e-03
2.930946562840944670e-03
3.081977153416833991e-03
2.747657011171175234e-03
2.484306583332050993e-03
2.544938767024410627e-03
3.214678788825747237e-03
3.577372153669885948e-03
3.605965323730370240e-03
3.867556171873464538e-03
4.445064891274572681e-03
4.886499447516044932e-03
5.219206641707010118e-03
5.677723784164104281e-03
6.295189625829223160e-03
6.303840892668035635e-03
5.700671636033160204e-03
5.995327919297480969e-03
6.469607963198175347e-03
6.680244315977074479e-03
6.558026842923671620e-03
6.967715648815940403e-03
7.509666195193113319e-03
7.806521953077471404e-03
7.895527359368310558e-03
8.351331816460692489e-03
9.463972710916859418e-03
9.976816876488873997e-03
1.004617364284071494e-02
9.626440569516944018e-03
1.017682243527092724e-02
1.061004561959759222e-02
1.095778255702547881e-02
1.109239040377175793e-02
1.232974150918403344e-02
1.316444212748816255e-02
1.339575354169541231e-02
1.292704550016547833e-02
1.283232145986254284e-02
1.287125216063720115e-02
1.219550024154109590e-02
1.171176245677424052e-02
1.131710339411889400e-02
1.111907736249487591e-02
1.107868034530685823e-02
1.109275698287509604e-02
1.088959884380432362e-02
1.168192291776240163e-02
1.208992545977930801e-02
1.234719067450299607e-02
1.211507278626840038e-02
1.221844809341015095e-02
1.280871376560747607e-02
1.313775516876504457e-02
1.307792945910003085e-02
1.288122311224803619e-02
1.342376018519055199e-02
1.343101845143667566e-02
1.301047890408555709e-02
1.239865838061186831e-02
1.376005985459424590e-02
1.417128829272053941e-02
1.393198545406048802e-02
1.387677864109755459e-02
1.432275877822043568e-02
1.399188447954616971e-02
1.338336316800253604e-02
1.350037521778851661e-02
1.449321806127332017e-02
1.445993267869009197e-02
1.404672471340576330e-02
1.377340333395580402e-02
1.376306580324162913e-02
1.344898082750031407e-02
1.318291771429647673e-02
1.353666654901912979e-02
1.440765849855387380e-02
1.510085958296893995e-02
1.574464580425383869e-02
1.622581753529731691e-02
1.699636681051702389e-02
1.685090822231189583e-02
1.674467359816409970e-02
1.718332215322018741e-02
1.813290866251093120e-02
1.937891103476202179e-02
1.967004815863428180e-02
2.000752088116865973e-02
1.993075921692936264e-02
1.965736452165873366e-02
1.950288808751145242e-02
2.044470311981139155e-02
2.060570466199811851e-02
2.108724297214493310e-02
2.132969839109370713e-02
2.162567435913004960e-02
2.296816035138010692e-02
2.071971076313671237e-02
2.638548406853194819e-02
3.073443191891089832e-02
4.598500240768370328e-02
5.960568888718825731e-02
4.793498328998804098e-02
4.603837632512994271e-02
4.434859329037600661e-02
5.644738996445613360e-02
7.078437201188614303e-02
5.901021779172351683e-02
8.607775893992901384e-02
8.524063889954283657e-02
7.106231228803817912e-02
6.468097657292416758e-02
6.011831310529826972e-02
4.102636019263043721e-02
7.341750971117405600e-02
7.277211054183445327e-02
6.615741056953448884e-02
6.359920163896919110e-02
8.475037600673654414e-02
1.171907937567689822e-01
1.272524370377706160e-01
1.009418817379612726e-01
8.218043654486438532e-02
8.526248701410187036e-02
1.400448013753691490e-01
1.756075932960064478e-01
2.245581473338863487e-01
1.231402259723283488e-01
8.225155289091223842e-02
8.019049854029602908e-02
6.820431496676181149e-02
7.295151435500883685e-02
1.327460647962376283e-01
1.723754653418617111e-01
1.718190715788129874e-01
1.549143495441308582e-01
1.002691357675125627e-01
1.044589149712214643e-01
1.175366244828595086e-01
9.599064442079546788e-02
1.290241871600312784e-01
1.224849291671985946e-01
1.798201737199430772e-01
2.286046674240101995e-01
2.050018853289286569e-01
2.139515475578601666e-01
2.087889407297087718e-01
1.992578840428807785e-01
1.394755773437035273e-01
2.284088408670061909e-01
6.076481201194787463e-02
2.469124343188140724e-01
2.684005681983711034e-01
2.084156165708677677e-01
9.822157152789923185e-02
5.986522689235265066e-02
3.236497577056516445e-02
2.739907528926577643e-02
2.706387535717210205e-02
2.652016523109889876e-02
2.543736387565456725e-02
2.439268674695755160e-02
2.395836382532087055e-02
2.269857807878420883e-02
2.281837612975557220e-02
2.314426495262442152e-02
2.387690994855882001e-02
2.337000436446090915e-02
2.216183295567445907e-02
2.062740614491581637e-02
1.882141753440325083e-02
1.716096082791647784e-02
1.602177960637853060e-02
1.623630169765282599e-02
1.599663227988943476e-02
1.540145444770736095e-02
1.448705953233721602e-02
1.309897109963172220e-02
1.172063367107505777e-02
1.099128788707071265e-02
1.174995999934222088e-02
1.235620852044514925e-02
1.263004311063978431e-02
1.205788644614743353e-02
1.112516257561031209e-02
1.024266004223070743e-02
9.809656805366042884e-03
8.484326715152278042e-03
5.655655722143063981e-03
2.983807269542506149e-03
1.488604422841197095e-03
7.545664263141055707e-04
3.073399202398689051e-04
8.827224808416082391e-05
2.280122022771928101e-05
2.052842978701414332e-06
1.759579696029783683e-06
1.026421489350707166e-06
8.064740273469842322e-07
8.797898480148918416e-07
2.199474620037229604e-07
2.932632826716305962e-07
2.932632826716305962e-07
7.331582066790764905e-08
2.932632826716305962e-07
2.199474620037229604e-07
2.932632826716305962e-07
7.331582066790764905e-08
7.331582066790764905e-08
1.466316413358152981e-07
3.665791033395383114e-07
1.466316413358152981e-07
1.466316413358152981e-07
7.331582066790764905e-08
7.331582066790764905e-08
0.000000000000000000e+00
0.000000000000000000e+00
0.000000000000000000e+00
0.000000000000000000e+00
0.000000000000000000e+00
0.000000000000000000e+00
0.000000000000000000e+00
0.000000000000000000e+00
0.000000000000000000e+00
