0.000000000000000000e+00
0.000000000000000000e+00
0.000000000000000000e+00
0.000000000000000000e+00
0.000000000000000000e+00
0.000000000000000000e+00
0.000000000000000000e+00
0.000000000000000000e+00
0.000000000000000000e+00
0.000000000000000000e+00
0.000000000000000000e+00
0.000000000000000000e+00
0.000000000000000000e+00
0.000000000000000000e+00
0.000000000000000000e+00
0.000000000000000000e+00
0.000000000000000000e+00
0.000000000000000000e+00
0.000000000000000000e+00
0.000000000000000000e+00
0.000000000000000000e+00
0.000000000000000000e+00
0.000000000000000000e+00
0.000000000000000000e+00
0.000000000000000000e+00
0.000000000000000000e+00
0.000000000000000000e+00
0.000000000000000000e+00
0.000000000000000000e+00
0.000000000000000000e+00
0.000000000000000000e+00
0.000000000000000000e+00
0.000000000000000000e+00
0.000000000000000000e+00
0.000000000000000000e+00
0.000000000000000000e+00
0.000000000000000000e+00
0.000000000000000000e+00
0.000000000000000000e+00
0.000000000000000000e+00
0.000000000000000000e+00
0.000000000000000000e+00
0.000000000000000000e+00
0.000000000000000000e+00
0.000000000000000000e+00
0.000000000000000000e+00
0.000000000000000000e+00
0.000000000000000000e+00
0.000000000000000000e+00
0.000000000000000000e+00
0.000000000000000000e+00
0.000000000000000000e+00
0.000000000000000000e+00
0.000000000000000000e+00
5.351599830841231304e-08
1.070319966168246261e-07
0.000000000000000000e+00
5.351599830841231304e-08
2.675799915420615784e-07
1.551963950943957038e-06
9.204751709046919271e-06
2.183452730983222404e-05
3.954832274991669874e-05
6.962431379924442483e-05
1.346997677422738136e-04
1.408541075477412106e-04
7.128330974680520589e-05
2.574119518634632457e-04
1.033393927335441798e-04
2.304934047143318619e-04
2.014877336311723629e-04
2.114417093165370763e-04
2.917157067791555547e-04
2.928395427436321884e-04
3.365621133616050363e-04
3.424488731755303867e-04
4.501765777703643692e-04
4.518890897162335975e-04
3.641763684887458280e-04
6.771379265963410696e-04
4.190837827531768362e-04
6.557850432712845424e-04
8.457133212678398038e-04
8.729529644068216273e-04
8.383281135012788515e-04
8.053087425449886264e-04
8.464625452441575234e-04
8.414855574014752345e-04
7.392164846340993495e-04
9.191907869452899246e-04
7.966926668173342002e-04
9.420956342212903926e-04
8.010809786786240571e-04
1.025366527589180021e-03
1.072193026109040642e-03
1.087712665618480266e-03
1.294177387092335053e-03
1.193781374265753467e-03
1.374879512541420839e-03
1.203842381947735048e-03
1.395055043903692176e-03
1.559830802695293811e-03
1.486032241027993115e-03
1.705929478077259547e-03
1.690623902561053495e-03
1.953762066243516695e-03
1.828588146200140450e-03
1.948624530405909010e-03
2.239858593200289190e-03
2.001498336734620648e-03
2.313229026881122308e-03
2.478486429657499480e-03
2.716525590133317229e-03
2.680883935259914877e-03
2.757839940827411847e-03
3.129990193064111168e-03
3.024403128401613287e-03
3.360216017786900496e-03
3.634057381131046861e-03
3.826500911048097246e-03
3.982500046117118733e-03
3.935352451607408188e-03
4.431338723929772842e-03
4.476613258498690281e-03
4.767954353289687031e-03
5.355720562710978953e-03
5.245745186187191975e-03
6.051482056718647529e-03
5.470726443075757915e-03
6.369527634665542171e-03
6.529808049599236837e-03
6.524991609751480161e-03
7.381568678675927767e-03
7.064486388698583766e-03
7.684736809093083501e-03
7.274911294047261591e-03
6.903510265786880207e-03
7.499303874954434991e-03
6.746547842748306344e-03
6.810981104711635002e-03
7.980733795736912398e-03
7.132558738546885754e-03
8.383495199006022955e-03
7.232044979402223357e-03
7.475168159717339965e-03
8.922187237978501315e-03
8.176762897540625769e-03
8.924863037893920534e-03
9.925933302251083168e-03
9.811944225854164758e-03
9.922989922344119598e-03
9.448784661333278073e-03
1.026463605554502403e-02
1.034999407284694153e-02
1.037760832797408189e-02
1.053173440310230941e-02
1.154934111093677135e-02
1.070758797354375361e-02
1.098860048066122551e-02
1.143299733061428278e-02
1.085705815681914724e-02
1.146066510173972958e-02
1.153376795542902268e-02
1.194792826633782508e-02
1.157411901815356622e-02
1.118382684249031277e-02
1.215070038392839814e-02
1.173814555296884797e-02
1.268917835890764380e-02
1.316001211202505461e-02
1.377512499658194688e-02
1.322610436993594540e-02
1.348437257777234180e-02
1.437471824162939865e-02
1.365680112432204711e-02
1.518928525188174145e-02
1.518157894812533111e-02
1.651557223795912382e-02
1.605180259661842523e-02
1.655661900866167713e-02
1.806673344892845492e-02
1.723803821512269116e-02
1.901348497500257931e-02
1.937525312356744647e-02
2.052060251936408536e-02
2.007995178929261951e-02
2.123450593679830634e-02
2.215112795582479394e-02
2.151781963184304022e-02
2.351241440479587622e-02
2.345996872645363107e-02
2.343021383139415326e-02
2.171994955745391170e-02
2.276104978854576535e-02
2.150326328030315384e-02
2.118810756626491459e-02
2.226046114036887846e-02
2.187247015263288699e-02
2.156304065041364862e-02
2.064973662328228529e-02
2.288873896050963933e-02
2.237423615277256417e-02
2.327806784820334041e-02
2.592732382846298089e-02
2.691426586926672082e-02
2.733880828384735798e-02
2.779331965748069871e-02
3.034234017290868973e-02
2.818430754112196540e-02
3.148260554886603280e-02
3.069110393388461283e-02
3.387471715725375032e-02
3.075184459196465825e-02
3.015096696295780504e-02
3.482944256707582592e-02
3.044637527362024573e-02
3.117574481456559382e-02
3.551193209350301389e-02
3.312677756489538355e-02
3.499742928576593526e-02
3.217344357102932401e-02
3.456271883150670299e-02
3.222444431741724319e-02
3.347297255795250032e-02
3.339467865242728983e-02
3.416557660805997348e-02
3.145402800576933833e-02
3.354773440758935382e-02
3.182858647792991685e-02
3.549191711013566231e-02
3.959151016055158928e-02
4.573814366226259392e-02
4.549004349410479264e-02
3.887332546325269339e-02
6.214582764763196265e-02
5.264261721601902477e-02
9.906014647680691509e-02
8.135994410029276369e-02
1.164775168022610941e-01
8.043797048143544459e-02
8.444738907470170086e-02
1.074684730990280307e-01
1.187958298489815018e-01
1.058051958716025864e-01
9.825713892218919387e-02
1.453893743403859296e-01
2.217367959751195550e-01
1.486815180083245203e-01
2.048246701896951072e-01
1.681149430220532093e-01
2.347716876830995558e-01
1.961788930829795607e-01
4.433448859743073789e-01
4.023428011303426532e-01
4.869436205721945909e-01
