2.289612186312671993e-01
1.139660061322419343e-02
9.275973171022534533e-03
1.014582639075122840e-02
1.260104871063943803e-02
1.112596507295761372e-02
9.608574187240561532e-03
9.490126354376104620e-03
6.848477987180976237e-03
8.404593401107001913e-03
6.242717949775268907e-03
6.384406730382199621e-03
7.242296781299754557e-03
5.911487713316850891e-03
5.943171418215102871e-03
7.059173067050077480e-03
6.513166565529174626e-03
6.979169375625583066e-03
6.128102069420630557e-03
6.227078598881540319e-03
7.306598813659628475e-03
5.595647595068597296e-03
7.011881165343541999e-03
7.486918660219195679e-03
7.734095174145181641e-03
8.063362703220521011e-03
8.270319292836142422e-03
8.993779465055608963e-03
8.439485976806156836e-03
8.772242763451412739e-03
9.458567265819636458e-03
9.312454605079420120e-03
9.298777961568768444e-03
9.225970863882226175e-03
9.957313019719448918e-03
1.040100950463675351e-02
9.827213558898309151e-03
1.136765846784516115e-02
1.070934148829260149e-02
1.150196373020146746e-02
1.091100188338245403e-02
1.229134594722398194e-02
1.338987015412393226e-02
1.243770784064776418e-02
1.366545919397637449e-02
1.390036099823676458e-02
1.409323594123093777e-02
1.284000054600776750e-02
1.360785528998732091e-02
1.491193415265783598e-02
1.466992921691583074e-02
1.545962297479280302e-02
1.621778879819875396e-02
1.632218613852720948e-02
1.579820557541640122e-02
1.480030906450598149e-02
1.759604553831542115e-02
1.616155567396930851e-02
1.750261443606384096e-02
1.907256226392774548e-02
1.847938847704209270e-02
1.908854430976137870e-02
1.740164404513440746e-02
2.020473288310902296e-02
1.826520413960307579e-02
1.979515012175473224e-02
2.261281907171792949e-02
2.336413099632582771e-02
2.466148057654007561e-02
2.287311145561654255e-02
2.639068808920227299e-02
2.374330737028514104e-02
2.426644677308891634e-02
2.878167068490150235e-02
2.733144800740532412e-02
3.022226674999496307e-02
2.789219039134202896e-02
3.022232905816585671e-02
2.900847242694601369e-02
2.866587094929992988e-02
3.258558451781843474e-02
3.069908002774102140e-02
3.429912152550145671e-02
3.137555983910841201e-02
3.417135862108873490e-02
3.399184878075076077e-02
3.332583674209312063e-02
3.704793994662970713e-02
3.534035336926680954e-02
3.871711353663808558e-02
3.534297031244424542e-02
3.796851201746395676e-02
3.847464128961439883e-02
3.617793095647377916e-02
4.144440448472337668e-02
4.010496573507202345e-02
4.203692403581467396e-02
4.099058292203622972e-02
4.219540486847682403e-02
4.325090528337628693e-02
4.015774075581699659e-02
4.453897094612773583e-02
4.501519229625032537e-02
4.501650076783904331e-02
4.317822280203153368e-02
4.446578999941584037e-02
4.755730336044651507e-02
4.278627325303949874e-02
5.020471523344909731e-02
4.724214863207806814e-02
5.139589169046449024e-02
4.775245255167822472e-02
4.717728582618016531e-02
5.684897819053367357e-02
4.984647440490927450e-02
5.173372659303738380e-02
6.091143977856425945e-02
5.391862491351347153e-02
6.643119602148719882e-02
5.922522490381709054e-02
6.360386930503583724e-02
7.187577745622970860e-02
6.264837350441698760e-02
7.083445215020801877e-02
7.281544698144216954e-02
8.090279833045585511e-02
7.663029589835052002e-02
7.763124550963462767e-02
8.566376566826393313e-02
7.591185153388781137e-02
8.911542025704659309e-02
7.991396765841012051e-02
8.979775703647778495e-02
7.992072809495184837e-02
8.264203745863156481e-02
8.152949391328105644e-02
7.986854500183034056e-02
8.809795898047630136e-02
8.435548100405824978e-02
8.985321130857108762e-02
9.414680505652313347e-02
8.978308346223287661e-02
9.201097442062398934e-02
9.713177144532959828e-02
1.121828085895023863e-01
1.148524021713422799e-01
1.187144806817862913e-01
1.429203327586833772e-01
1.403119569547442158e-01
1.493925317018514887e-01
1.635926884643319756e-01
1.797979533201815583e-01
1.659708667309130470e-01
1.781936736901565399e-01
2.129334074461161630e-01
1.731030338201623164e-01
1.917367907905877245e-01
1.997039185238665693e-01
2.087907240880629567e-01
1.655225594413497481e-01
1.710679554965944815e-01
1.831555537250037502e-01
1.477297135452740051e-01
1.358500999913000717e-01
1.404727431897293544e-01
1.099689369695618230e-01
9.327966224222822289e-02
9.239105426306121194e-02
9.572781258472026766e-02
6.375160197821923280e-02
7.080261267488253962e-02
9.008153960080245160e-02
7.300121879295472238e-02
8.365806564727136518e-02
8.182212423787228739e-02
7.041038273912149370e-02
7.061104620347707916e-02
4.854329901071668951e-02
4.912323231128793571e-02
8.664720668352754451e-02
7.624576102169455805e-02
8.187187731232903332e-02
7.540612726484816064e-02
6.111253940011609348e-02
2.396827102128835929e-02
2.833974998285460067e-02
3.008534454446122261e-02
2.105094015198445342e-02
1.804868324575563399e-02
8.247171807350005615e-03
1.050088950257558815e-02
5.868588537658156815e-03
6.491234089375419632e-03
5.700761479362304561e-03
3.902952670548731455e-03
3.186844862494443795e-03
1.368754744055735665e-03
2.006821568068607557e-03
1.091234150905661835e-03
1.069644369691809087e-03
9.792663678139055389e-04
6.218978536665665255e-04
3.612316207426028792e-04
1.776717492966851236e-04
1.997911499631144618e-04
1.527173268546993612e-04
1.446795728097152029e-04
1.289779137450949506e-04
9.938153257170359144e-05
9.258994194454641400e-05
7.118708524336761630e-05
6.844552572414821492e-05
5.825813978341244875e-05
5.673158959657437206e-05
5.978468997025052545e-05
4.595227603237077844e-05
4.632612505771888355e-05
4.025107839581223979e-05
4.243186437700949027e-05
3.564027374985231960e-05
3.909837723432226143e-05
3.906722314887658488e-05
3.520411655361286815e-05
3.436295624657964180e-05
3.208870800904535487e-05
3.417603173390558924e-05
2.539057963822521048e-05
3.028177105319620273e-05
3.021946288230485301e-05
2.791406055932489630e-05
2.806983098655326892e-05
2.866175861002109976e-05
2.841252592645569409e-05
2.246209560633174977e-05
2.345902634059335212e-05
2.395749170772415668e-05
2.386402945138713379e-05
1.996976877067774050e-05
1.660512754254483172e-05
1.850552675473101353e-05
1.486049875758702422e-05
1.925322480542721699e-05
2.034361779602584562e-05
1.750859602046941118e-05
1.632474077353375627e-05
1.990746059978639078e-05
1.863014309651371298e-05
1.327164039985759611e-05
1.598204583363132771e-05
1.847437266928533698e-05
1.573281315006592882e-05
1.869245126740506270e-05
1.641820302987077916e-05
2.056169639414557134e-05
1.395703027966244815e-05
