3.762061795190939639e-01
1.880274464744965263e-02
1.696089014344080714e-02
1.370845304006896616e-02
1.345326256394716556e-02
1.424431855472527327e-02
1.420969541445145021e-02
1.418390048524346449e-02
1.571507782717375401e-02
1.583339654657563156e-02
1.584394901761526295e-02
1.826836199637080910e-02
1.919973826381643489e-02
1.878415712493213333e-02
1.792347551641213996e-02
1.929633130754848311e-02
1.930284901024943364e-02
2.018425622365445024e-02
2.265770715606475402e-02
2.261277294114763178e-02
2.167581007138690702e-02
2.105566272921145093e-02
2.266722507112010898e-02
2.443497088145520080e-02
2.435420654428259793e-02
2.556105058514186387e-02
2.454866858412730474e-02
2.315577689209545598e-02
2.321478106839875225e-02
2.437817375791835953e-02
2.514353827508691505e-02
2.499952808207547145e-02
2.607939761846440885e-02
2.552953111282087878e-02
2.553556602272916490e-02
2.784552262442413495e-02
2.961195799717913912e-02
3.083794132374754679e-02
3.019544757231169482e-02
3.155454376885714896e-02
3.196212434146303294e-02
3.421811160597819368e-02
3.775094786628873517e-02
3.728884619331141598e-02
3.746396203625013133e-02
3.382711841432022026e-02
3.481439519011630956e-02
3.397533580166772066e-02
3.725205048547060999e-02
3.967222178469061861e-02
3.862797545936030863e-02
3.953555693916754876e-02
3.569156072398579210e-02
3.678101714582902859e-02
3.857535104496005729e-02
4.248373112756335945e-02
4.360377592134173641e-02
4.317343511708174320e-02
4.351997688661525532e-02
4.036599502774716047e-02
4.016549807799416755e-02
4.314057072198118625e-02
4.584258955651788342e-02
4.822986197543786130e-02
4.764671725230007482e-02
4.905826543724839395e-02
4.595221800565182924e-02
4.569295827599187398e-02
4.591583612020473659e-02
5.102819797211080588e-02
5.403513494041357890e-02
5.203861431675523702e-02
5.400137393012665460e-02
5.085818593869452509e-02
5.053643902758419432e-02
4.979424856446346831e-02
5.423052808064413727e-02
5.897072565980608638e-02
5.954166262232940543e-02
6.156604728716428415e-02
6.209367083914585361e-02
6.040844811115663598e-02
5.850010614255821834e-02
5.329904835760009008e-02
5.924343461726164911e-02
6.860989067651711293e-02
6.852664340498224038e-02
6.908906252323501751e-02
6.856702557356854355e-02
6.695598050965202719e-02
5.541043918071270752e-02
5.851362434075277341e-02
6.998526388721519609e-02
6.936601316022611430e-02
7.041105264514437023e-02
7.141339945311143966e-02
7.152851104896205958e-02
5.942651654127931171e-02
5.696303183151753963e-02
6.972893539951069419e-02
6.799108825712121829e-02
6.651988067707954866e-02
6.554432886910527278e-02
6.312012280154657984e-02
5.356651556473530917e-02
4.952650547573243106e-02
5.732826457916700286e-02
5.524973815115492154e-02
5.310017221222245593e-02
5.324294093805276296e-02
5.347833690967538495e-02
5.092288017291134866e-02
4.818620371290134596e-02
4.865706462654555836e-02
4.722306657673840113e-02
5.079645743163262867e-02
5.559283140074085250e-02
6.081282156021125540e-02
6.350849511804439185e-02
6.567464843792476803e-02
6.553467301325201222e-02
5.527563653596134080e-02
6.549142857310921717e-02
7.677753774639119178e-02
8.532355642491505632e-02
8.843270752446445726e-02
8.851764457077364312e-02
8.796815740232434566e-02
8.082341031930498354e-02
9.449003281240965502e-02
1.114736831875045714e-01
1.413065188873269817e-01
1.568013742306475222e-01
1.693319852826164762e-01
1.864977175109442109e-01
1.503614356545169839e-01
1.234749464275181619e-01
1.333664741339939674e-01
1.728445787308346138e-01
1.747341262657186589e-01
1.882047693702017244e-01
1.889845487007512093e-01
1.615465376785339968e-01
1.088977422422518493e-01
8.962761968630504616e-02
1.388539315005996033e-01
1.419812563002728067e-01
1.347362262571774605e-01
9.955380501825415729e-02
7.289902184653403172e-02
5.539843833129509676e-02
3.844110016340030606e-02
4.348173280039645955e-02
3.607848466210560739e-02
3.618038842655694337e-02
3.828246824581107294e-02
4.276033691255970437e-02
4.442462712446704209e-02
4.513291863650294167e-02
4.714568178911444224e-02
4.816851280557020443e-02
4.291207179025374741e-02
4.190279345719202103e-02
5.796986171541648053e-02
5.945265632248206145e-02
6.054545780867446464e-02
6.281037673985388758e-02
5.781226435381153078e-02
4.749370642222542488e-02
5.012527199423281316e-02
5.686285232703999770e-02
8.860730608941103092e-02
9.065796847624657540e-02
8.312953906385812941e-02
7.473218608027494547e-02
5.948986585271657385e-02
4.996805396982209602e-02
3.445423176678980709e-02
5.061320308161759707e-02
7.456989873154126758e-02
7.100909497445576091e-02
7.354496411791748567e-02
8.137403549933698577e-02
6.822148387481982712e-02
3.699599787936191236e-02
1.630522304580515544e-02
3.225828323456222946e-02
2.455787613238737815e-02
1.862228359859216878e-02
1.564859036258417838e-02
1.177321261587933529e-02
6.487631607005724978e-03
7.218235043102547502e-03
7.271273279896511323e-03
6.027495590398535517e-03
5.068427707773746210e-03
3.395378255199526987e-03
1.008140321479021389e-03
1.589284903047211497e-03
1.374028287918524103e-03
1.014209716586783258e-03
8.599919045304727123e-04
5.487284940608260593e-04
3.088494465063322167e-04
1.121113834962132852e-04
1.562869240248657382e-04
1.653565314870324924e-04
1.542522972557865135e-04
1.310437580084929002e-04
1.041108172178000136e-04
8.383351992595953984e-05
5.417624837666904246e-05
4.938280564951627306e-05
5.341757398819881562e-05
5.700403473369441428e-05
6.100431787290103652e-05
4.810685326890726168e-05
4.783097167309990585e-05
4.093393177791607114e-05
3.000212354404969048e-05
3.524387386438940716e-05
4.083047617948831694e-05
3.445071427644326678e-05
3.314027669635834185e-05
2.986418274614601256e-05
2.465691762528221621e-05
1.789781852800205941e-05
2.872617116344067909e-05
2.945036035243498560e-05
2.579492920798754968e-05
2.627772200065042068e-05
2.131185327611805644e-05
1.610458815525426008e-05
1.244915701080682755e-05
1.793230372747797635e-05
2.282920205305849994e-05
2.334648004519728788e-05
2.307059844938993544e-05
1.917377090861106741e-05
1.889788931280371497e-05
1.351819819456032037e-05
1.903583011070738949e-05
2.203604246511235617e-05
2.069111968555151091e-05
2.082906048345518882e-05
1.800127412642981361e-05
1.644944015001344978e-05
1.144908622600517030e-05
1.938068210546658258e-05
1.951862290337026050e-05
2.303611324991401512e-05
2.269126125515482541e-05
1.972553410022577229e-05
1.875994851490003705e-05
1.317334619980112897e-05
