4.429821281271582589e-01
1.611983516330278698e-02
1.741800045491826224e-02
1.574214728960764142e-02
1.824663507526202641e-02
1.901712111650474477e-02
1.862539977449608267e-02
2.240290376498628097e-02
2.135786194762966106e-02
2.491736087095249019e-02
2.376265653016576551e-02
2.453942984310339762e-02
2.681000333266074509e-02
2.549933297027085280e-02
2.899842545449169903e-02
2.865231288450195701e-02
2.907828422590944331e-02
3.089023424481498678e-02
2.826997034557410943e-02
3.099788206239810842e-02
2.874603144269468474e-02
3.056406031544890364e-02
2.999980373306097500e-02
2.967838867785070958e-02
3.180213179473175694e-02
2.946364882360777773e-02
3.454254858233016950e-02
3.277690206159768194e-02
3.517961246567138239e-02
3.793423640312184458e-02
3.372058333306610090e-02
4.208505149253614214e-02
3.585488628748998569e-02
4.335160674413850168e-02
4.215271781994883032e-02
3.940222750311547090e-02
4.644761911373059687e-02
3.849331727566147887e-02
4.826467536986902424e-02
4.416891732816987520e-02
4.619654508162643336e-02
5.055709799697390150e-02
4.392788208899296026e-02
5.437159615517174471e-02
4.914659548623489388e-02
5.499028453173609998e-02
5.555085906550712854e-02
5.125352623018589182e-02
6.012702024279018703e-02
5.326448055594322495e-02
6.373181531136258571e-02
5.553171935996072811e-02
6.450521920245266827e-02
5.697640239748313906e-02
6.584298388485379516e-02
6.003007120798074109e-02
6.704298437089008245e-02
6.372413858735939685e-02
6.756701630895363409e-02
6.692383883545603707e-02
6.703364030411697316e-02
6.861956116877490630e-02
6.552031832256609289e-02
6.916794325854086489e-02
6.606984671048637958e-02
6.575649047866406749e-02
6.553195498564783061e-02
6.172541144191483198e-02
6.512296969870894070e-02
5.784953422799921086e-02
6.625311546994701317e-02
5.688671325098438453e-02
6.657762205654317589e-02
5.561130024091681667e-02
6.516979424149760280e-02
5.412003581475970104e-02
6.761797447235938507e-02
5.697393611963595672e-02
6.603854929724262135e-02
6.306828236154884970e-02
6.152456611075458187e-02
6.199110945956351482e-02
5.431501070991751057e-02
5.984871294544395759e-02
5.452919478323713098e-02
5.824024821708436578e-02
5.385357359834145458e-02
5.285309846377255621e-02
4.938120450848607762e-02
4.826481431509985903e-02
4.791564495003192148e-02
4.796990306266981502e-02
4.856410234230093548e-02
4.627629964412106195e-02
4.889236045012942955e-02
4.501512852021324201e-02
4.975920500895058413e-02
4.669900577260411439e-02
4.705744973182974383e-02
4.791477654233925604e-02
4.375892468830748505e-02
5.014293700018669642e-02
4.432950327869803614e-02
5.143964336687849304e-02
4.863298444048336222e-02
5.331846077811946277e-02
5.116286446707135616e-02
5.832208695804139836e-02
5.827283087371327996e-02
6.232482116770195896e-02
6.064664066977498713e-02
6.089229583787689887e-02
6.720555029095752475e-02
6.001416197905105887e-02
6.985249167451716701e-02
6.334447074412496992e-02
7.393789829651969958e-02
7.333800226242469245e-02
8.510381493622887206e-02
8.803625403283002471e-02
9.418874885384397044e-02
1.072731865045028904e-01
1.202413617332674378e-01
1.333374360470080955e-01
1.273109298140464307e-01
1.371833010910651351e-01
1.310535238152913673e-01
1.525685675552939380e-01
1.476674134831068019e-01
1.625003031821834198e-01
1.541428517568700918e-01
1.428521622998784046e-01
1.419785441610544319e-01
1.292544609665450261e-01
1.658673629608110045e-01
1.277165109428300693e-01
1.370296971383860030e-01
1.071051669841254911e-01
1.038599274366253239e-01
7.756040888202252181e-02
9.503120852465499202e-02
7.715607826031632699e-02
5.300559085460505165e-02
4.471695205485877456e-02
3.113738307414828932e-02
2.995103395704074023e-02
2.799867978238464172e-02
3.189602403446301776e-02
2.765089986962497581e-02
3.551836093842729997e-02
3.095352379745662866e-02
3.534335942020085802e-02
3.498602702282184451e-02
3.491933331202494439e-02
4.408634912475100504e-02
4.146914202058832322e-02
5.335986645690586616e-02
4.926914517982419750e-02
6.040119391951932065e-02
5.453777465124068358e-02
5.528186109862630315e-02
8.344880355554228080e-02
6.641488245493720743e-02
9.216358737823458769e-02
8.003526659720308634e-02
8.721519192756632677e-02
6.325637946778073228e-02
7.995950671009473265e-02
4.657972129193924810e-02
7.297598046350527168e-02
6.185466524289152945e-02
7.477549488425180857e-02
7.250672768269521284e-02
7.448492567028511258e-02
7.113054464397045029e-02
6.430670120390877265e-02
5.609319703773212040e-02
1.748486784725369544e-02
3.439432875734560469e-02
2.052634421374623791e-02
2.163120195297382753e-02
1.719964802467383383e-02
1.686687419684347253e-02
1.386079412790407542e-02
8.779462827642210004e-03
1.263276144154846375e-02
3.858231169600608891e-03
9.502047500557362497e-03
6.741553127104464062e-03
6.976995820740599340e-03
6.021365259421074777e-03
4.252800888841221268e-03
4.176242066655614336e-03
1.836890687838967518e-03
3.761837915714465706e-03
1.988167307901725703e-03
3.253194161964990515e-03
3.049014145264900433e-03
2.525294833970709741e-03
2.175118115979283225e-03
1.633405397293012174e-03
1.982470553437823847e-03
6.373765101105730762e-04
1.412239326124337200e-03
9.083891828383888582e-04
7.588493781609668672e-04
7.117469449106568523e-04
4.718232675803539370e-04
2.712558268817627993e-04
1.291495920535784244e-04
1.683668834544633467e-04
1.447461942138949251e-04
1.028542071195927184e-04
8.510395388145970197e-05
4.727611478884353666e-05
5.224340679090423955e-05
4.508772740332028675e-05
4.348985724881124671e-05
4.244776801760969591e-05
2.323858985579450493e-05
3.619523263040041143e-05
3.115846801292626730e-05
2.837956339638880753e-05
2.306490831726091539e-05
2.591328554921180962e-05
2.483646001030354497e-05
1.809761631520020572e-05
2.257860000936686061e-05
2.132809293192500303e-05
2.063336677779063809e-05
1.886181508474800851e-05
1.966075016200252853e-05
2.327332616350122555e-05
1.715973600711881338e-05
2.150177447045859596e-05
1.973022277741596299e-05
1.920917816181518759e-05
1.556186585260977334e-05
1.695131816087850322e-05
2.028600370072345562e-05
1.389452308268729883e-05
1.844497939226738819e-05
1.736815385335912354e-05
1.945233231576221837e-05
1.795867108437333341e-05
1.872286985392113620e-05
2.396805231763559049e-05
1.417241354434104515e-05
2.608696708774540255e-05
1.740289016106584077e-05
2.535750462590432037e-05
1.771551693042630601e-05
2.831009078097536968e-05
2.393331600992887326e-05
2.580907662609165792e-05
