9.375212002090828056e-01
4.601554492741793956e-02
3.849933383435803769e-02
4.878608325076867064e-02
5.063804691796323920e-02
4.479695842153203628e-02
4.724179257111438268e-02
4.241878886891983780e-02
3.334567373119161349e-02
4.270301284901792394e-02
3.276143790136378658e-02
3.508288963814107375e-02
4.242818540258801174e-02
3.705163274853603278e-02
3.392546525455476109e-02
3.709941962471335203e-02
3.899227091138294382e-02
3.609517567060954030e-02
3.378917318963803318e-02
3.944863769521281260e-02
3.663898947497293279e-02
3.446132163400996568e-02
3.632031153809155144e-02
3.664889392937992901e-02
3.308989331246745685e-02
3.088623686036819777e-02
3.334541977082219888e-02
3.107734203834925865e-02
2.859873115963538354e-02
3.139432690610123589e-02
3.185005878900758203e-02
3.169188380559334606e-02
2.808073665949534573e-02
3.210545826717762369e-02
2.911913828328481849e-02
2.685867936189417771e-02
3.007394461881014378e-02
2.911431303626602768e-02
2.779600475865844425e-02
2.684174867060017816e-02
2.792603246779639184e-02
2.715505111299570951e-02
2.495685480883876733e-02
2.736101297258726125e-02
2.668120339040478545e-02
2.590772475863823907e-02
2.576571858540978657e-02
2.577422625778502327e-02
2.616947324604353142e-02
2.350009580317447347e-02
2.564762701363411043e-02
2.587864629634078692e-02
2.549575871272689864e-02
2.532137259239866309e-02
2.532700204725392076e-02
2.507312633130033552e-02
2.315221242381093614e-02
2.495215654200468036e-02
2.484109120711602142e-02
2.477273354101647979e-02
2.411349474875621943e-02
2.463288603092800982e-02
2.385669848855442171e-02
2.294629289094762131e-02
2.406731628825182351e-02
2.354081411573654900e-02
2.386647596277671063e-02
2.270625801512688585e-02
2.279929216378743378e-02
2.257843129585716119e-02
2.146003215570352340e-02
2.253682412200214494e-02
2.220502489936791377e-02
2.249411645321302070e-02
2.153681284072183136e-02
2.191656824644632948e-02
2.177468905340258082e-02
2.092007008360951756e-02
2.199631180244108336e-02
2.162214352484360599e-02
2.164796282906696068e-02
2.173883831458752608e-02
2.121339431027812958e-02
2.152339526787133001e-02
2.064604684501607224e-02
2.108726066013780556e-02
2.174878509572275229e-02
2.162578362347181843e-02
2.109475249103539771e-02
2.134177127701490997e-02
2.045045503384209859e-02
2.026180480609866136e-02
1.998494567671347394e-02
1.993136003876794932e-02
2.062903150026559884e-02
1.979286698398300196e-02
1.923817521046321255e-02
2.020766892068608447e-02
1.914789229913793633e-02
1.821010130836308444e-02
2.003417166165078617e-02
1.861550671139799995e-02
1.948599820427918822e-02
1.808472953933099037e-02
1.788460876823586704e-02
1.908715344412070108e-02
1.724407838985548419e-02
1.771513254838289267e-02
1.874790471731710775e-02
1.780545778643640234e-02
1.841657108869345846e-02
1.729889150291982064e-02
1.736267788236997567e-02
1.756385682167097353e-02
1.704069846068626687e-02
1.722202616444504231e-02
1.801637187323145220e-02
1.705356578606970902e-02
1.772097363687932803e-02
1.684286333291583684e-02
1.656985593580002913e-02
1.743471797382595972e-02
1.678174353734448315e-02
1.700628683063120511e-02
1.709276033641532466e-02
1.661112449582916040e-02
1.677463264700100251e-02
1.617651365031209237e-02
1.663499677055371023e-02
1.688574030861789838e-02
1.675613586676230268e-02
1.668312226055691100e-02
1.699477396055128209e-02
1.669192622002979576e-02
1.641011486344110676e-02
1.650027079458167567e-02
1.633346115860750611e-02
1.658822573585402513e-02
1.621824780435181246e-02
1.621143320110597641e-02
1.634264605863450237e-02
1.571849612408106334e-02
1.628889111377604046e-02
1.609262207495030725e-02
1.622002552693768002e-02
1.611298123123134501e-02
1.603848618953773036e-02
1.604775574302119701e-02
1.571439043144226902e-02
1.586490427704595821e-02
1.607128940391986185e-02
1.613274781331709359e-02
1.607611465093865266e-02
1.625274408786334460e-02
1.628351561929019392e-02
1.593918768509839864e-02
1.601215896457555340e-02
1.633553516829101826e-02
1.654247054263198111e-02
1.636918491723785354e-02
1.619132800519434631e-02
1.617655597704032930e-02
1.571248572867169416e-02
1.560328276982537142e-02
1.605389311861527349e-02
1.554576074615399324e-02
1.574135255732796862e-02
1.558190777206669084e-02
1.552794119356705471e-02
1.500444421875646826e-02
1.521142191982566109e-02
1.541899219509014138e-02
1.526627735961823273e-02
1.542432536284775446e-02
1.520824741520803401e-02
1.521882909726678806e-02
1.493765264160162518e-02
1.502789322619866100e-02
1.487242715339147543e-02
1.499669842748945978e-02
1.498772516110363946e-02
1.458164253041696612e-02
1.514750856019079876e-02
1.470515192340672225e-02
1.442173215114510472e-02
1.506133134150431860e-02
1.446562496832480560e-02
1.530822314729912703e-02
1.439874873771349560e-02
1.444996407887785481e-02
1.489921997236423601e-02
1.427532399818020638e-02
1.416785643519152121e-02
1.475158434428052411e-02
1.435621037583730865e-02
1.455857446352888489e-02
1.402894011312422369e-02
1.387969606936758325e-02
1.430855047984468977e-02
1.384812033010426532e-02
1.379538122672344623e-02
1.461199079456146702e-02
1.376465202202482863e-02
1.450164501405280110e-02
1.382217404569620681e-02
1.365570302354791703e-02
1.440475913312286478e-02
1.369447430661118251e-02
1.381925350144798913e-02
1.429280493694126686e-02
1.379229137556228953e-02
1.440116136122289101e-02
1.364444411383740167e-02
1.395592650691883027e-02
1.419079752189489514e-02
1.381857627379622783e-02
1.394839234929299947e-02
1.413556114154820853e-02
1.398199977151159609e-02
1.378420697046940299e-02
1.385675498266420759e-02
1.402601956887600601e-02
1.410567847141429298e-02
1.408087500866857765e-02
1.415786732732805982e-02
1.447552942273179835e-02
1.390521908649329334e-02
1.446105368167542593e-02
1.442626111106625093e-02
1.447955046191412576e-02
1.480677839789897726e-02
1.482887295003765260e-02
1.489786551706071688e-02
1.457622470920288439e-02
1.494662590798744549e-02
1.513222861129795947e-02
1.500135436759531156e-02
1.509773232778642560e-02
1.546330827955219589e-02
1.543135159973476646e-02
1.502823184002454425e-02
1.570203102679764567e-02
1.570448597703527627e-02
1.605579782138584835e-02
1.593123026019021768e-02
1.618557157015438480e-02
1.632939779269694525e-02
1.572962805360687485e-02
1.631445645762998747e-02
1.645798639307490333e-02
1.660172796216098992e-02
1.655072425463780666e-02
1.676358537093166484e-02
1.670610567398852359e-02
1.615014409862168196e-02
