9.713366957263848134e-01
3.175031518923041030e-02
2.833618385535464565e-02
2.525685747092384567e-02
2.528713285110146050e-02
2.907350580644950735e-02
3.195196668777881832e-02
3.308225725139063433e-02
3.185537658063523209e-02
2.889732638256976502e-02
2.805814524374271313e-02
2.981074042471693053e-02
3.172705554619010410e-02
3.203979440123638084e-02
3.000159176360582894e-02
2.756663609093610787e-02
2.689490109324525410e-02
2.697315130662740479e-02
2.698345658026478355e-02
2.703044164142504729e-02
2.661994824153604208e-02
2.507340031142448258e-02
2.335556359576956842e-02
2.240407244086055349e-02
2.227199609483570403e-02
2.225388908861409068e-02
2.163595111262346313e-02
2.146221700791191289e-02
2.081321765629674803e-02
2.013338981659688193e-02
1.975320090782797106e-02
1.936684047925362959e-02
1.956397978171787316e-02
1.918923461919243983e-02
1.881312124237052158e-02
1.817471827381752364e-02
1.735882588897325399e-02
1.753931373233981114e-02
1.768023980487811592e-02
1.802645624377464256e-02
1.802881423011539960e-02
1.807023910126227123e-02
1.783612890185036146e-02
1.772090779152054804e-02
1.824484653424817554e-02
1.865857124875228493e-02
1.934890813868688636e-02
1.940113316949327454e-02
1.954729921167770376e-02
1.938258949913448242e-02
1.907878770342910299e-02
1.908038880526541359e-02
1.893727941204122189e-02
1.913989157169142252e-02
1.882988914523812257e-02
1.891556264895228115e-02
1.861432261618500145e-02
1.821841379847771725e-02
1.816438388923766536e-02
1.800182838643785144e-02
1.799658841679172352e-02
1.777586925091991302e-02
1.785082992780199010e-02
1.766364656766538505e-02
1.734150487819855965e-02
1.727201705850243615e-02
1.707496508886562764e-02
1.708736635036145826e-02
1.670607122577836764e-02
1.667806649911407132e-02
1.651827653584971370e-02
1.626489489251705181e-02
1.627255107038888884e-02
1.607736220107070305e-02
1.609299477718164478e-02
1.578488456198944706e-02
1.604731970843291389e-02
1.602414739822004622e-02
1.585379016283600118e-02
1.583268472953910586e-02
1.575131964531176210e-02
1.558757059387033163e-02
1.556920158916641136e-02
1.553677199924539086e-02
1.554518506162166913e-02
1.553339512991788567e-02
1.525229986934571388e-02
1.499734623511921397e-02
1.489711726016581736e-02
1.482250591459348225e-02
1.448094722649351240e-02
1.440185279577949062e-02
1.428080949695398338e-02
1.408346641789239191e-02
1.382825078518358508e-02
1.360837583664364914e-02
1.367594233413619263e-02
1.353775269019086465e-02
1.344410278823760310e-02
1.335310198204988502e-02
1.328041195868112992e-02
1.312586196506289500e-02
1.282427260098587506e-02
1.304528287628247199e-02
1.303125140200784605e-02
1.321080769521509012e-02
1.319505867533423554e-02
1.326396427618078966e-02
1.321156457971953135e-02
1.297562039093147664e-02
1.320507283954682962e-02
1.341318696732546160e-02
1.343973614686583100e-02
1.328774791618570449e-02
1.302359522413600555e-02
1.280438982727307579e-02
1.256704831324605490e-02
1.266311442342502903e-02
1.272940003944851919e-02
1.277399800332554465e-02
1.274855503959935674e-02
1.260902629230001813e-02
1.240757857034895974e-02
1.231250223221425251e-02
1.249895781878889583e-02
1.258480598815792453e-02
1.262355265259677839e-02
1.253581227196664746e-02
1.230210962574943521e-02
1.208101201762540496e-02
1.182422439402276183e-02
1.190646280652445793e-02
1.194072638582162511e-02
1.184949269209407789e-02
1.188343605102398261e-02
1.167479792628074026e-02
1.138031163216846747e-02
1.115796225351786339e-02
1.126456652487404370e-02
1.127752089427696593e-02
1.131772310583974324e-02
1.135189935230947363e-02
1.103668606715252701e-02
1.076572141456286560e-02
1.051423198249130248e-02
1.064293145918865022e-02
1.064293145918865022e-02
1.076761362582396610e-02
1.067180951412729888e-02
1.039496445115698463e-02
1.001896751810497747e-02
9.751350623900340020e-03
9.943220845775979644e-03
9.951401020612432244e-03
1.011587784561582617e-02
1.015197541428913657e-02
9.924240511280013957e-03
9.604427697211467829e-03
9.406502399300303505e-03
9.702706239018804926e-03
9.839993443747301061e-03
1.005375509436675675e-02
1.010813433491655061e-02
9.984762160692767577e-03
9.692488298208861222e-03
9.333754154046591117e-03
9.123427594639594435e-03
9.367872178631365954e-03
9.393460697069944479e-03
9.475495332974292681e-03
9.430897369097265490e-03
9.270932740178036008e-03
8.964860290959331124e-03
8.693982971197104781e-03
8.926841400082440731e-03
9.097984630913406520e-03
9.340304116104246671e-03
9.423852521017475614e-03
9.298821023072417757e-03
9.026255268646438817e-03
8.677884620006506497e-03
8.964569181534546433e-03
9.130035778582209008e-03
9.355762026560320022e-03
9.374946137653633604e-03
9.184822572326703863e-03
8.863525100191754769e-03
8.450091495112424869e-03
8.713953077737339112e-03
8.770049863893363343e-03
8.988323710596983485e-03
9.032019235257177092e-03
8.852200943567626115e-03
8.535677665999148386e-03
8.111618566915175521e-03
8.315540718976905527e-03
8.311144966662655648e-03
8.482724861630798474e-03
8.548137149379934560e-03
8.422290545045479915e-03
8.131908893822674053e-03
7.807845882152269525e-03
7.965015860593565797e-03
7.987373064417036678e-03
8.155022982150584437e-03
8.329601304194010972e-03
8.308117428644894165e-03
8.139681515464427392e-03
7.834453283577597071e-03
7.988945055310874704e-03
8.054444675887447586e-03
8.226111903683025472e-03
8.380399898818951740e-03
8.484034854042329585e-03
8.396207140584765333e-03
8.136683088389145418e-03
8.320809799565509479e-03
8.336849928871150478e-03
8.390239397376677427e-03
8.444327528501686594e-03
8.443570643997247091e-03
8.412247269890406332e-03
8.189694114642449146e-03
8.216097739470427930e-03
8.048476932679359680e-03
7.922397440805075894e-03
7.820974917210062743e-03
7.791718420019193465e-03
7.816782941493162495e-03
7.781471368266769384e-03
7.801616140461876438e-03
7.601361967152433716e-03
7.505324967915938221e-03
7.377964594572602834e-03
7.277357177366986472e-03
7.177739532205639622e-03
7.083420078575374500e-03
7.131132913297597367e-03
6.938447585032559220e-03
6.810592325667089511e-03
6.627833828787212112e-03
6.507518303523667468e-03
6.388687436326524922e-03
6.367640224914586020e-03
6.551912490803344161e-03
6.480474237961162016e-03
6.450519078150809653e-03
6.354714966454142432e-03
6.240891181363297791e-03
6.095511134625784984e-03
6.118683444838651786e-03
6.356898287140028483e-03
6.348805445131011811e-03
6.387202778260122824e-03
6.341818818936176619e-03
