9.324063713202128678e-01
5.858972745844811397e-02
5.792410991930030395e-02
4.906671622559258261e-02
5.317451636315528168e-02
4.423168576687221132e-02
5.438340825226689601e-02
4.005931880980602433e-02
5.179118280542664016e-02
3.973410613664429825e-02
4.623068677522009645e-02
3.677300964433394270e-02
4.390961895182057817e-02
3.807842566765282100e-02
3.908306696434813571e-02
3.872056436334481155e-02
3.743417694517967020e-02
4.004312914977602861e-02
3.662177827030969890e-02
4.051293620363217302e-02
3.915879774373014210e-02
3.845615882560379090e-02
3.914755705560504784e-02
3.835518445309445135e-02
3.870675327895903989e-02
3.656872068779434132e-02
3.887755035586313440e-02
3.771166464896388154e-02
3.599371920786653689e-02
3.717855679167293703e-02
3.524143711419798486e-02
3.602951293489967816e-02
3.427654104923506806e-02
3.563819887730269170e-02
3.558947644071953909e-02
3.331843543409516301e-02
3.562392742343738899e-02
3.301796762045795114e-02
3.505924589267562369e-02
3.209496517813188732e-02
3.369712769512847594e-02
3.284774600540326522e-02
3.144442473943855065e-02
3.249065274578436663e-02
3.085304177886428328e-02
3.189574028586707188e-02
3.012792148448775742e-02
3.159369954317481355e-02
3.129085315389338456e-02
3.006945456058797081e-02
3.159300898895552046e-02
2.961368877585736706e-02
3.133301532539328749e-02
2.878763247309479301e-02
3.076461247467202412e-02
2.954639810360000507e-02
2.905771590108330305e-02
2.920649197121674354e-02
2.840487361499233546e-02
2.896763693958940775e-02
2.772824557245919669e-02
2.865665735616968607e-02
2.858802393959703966e-02
2.729545989758159347e-02
2.829902699882467718e-02
2.675245409648083564e-02
2.801371301388852486e-02
2.621175014277771220e-02
2.778721122996179876e-02
2.673987066404046389e-02
2.678195610729378409e-02
2.649119441684991139e-02
2.624708350033131896e-02
2.610985503130931751e-02
2.560271968548828367e-02
2.551908589670775704e-02
2.640433804171269175e-02
2.467097022305123760e-02
2.600581152893647469e-02
2.455733568985493318e-02
2.554195091419087307e-02
2.394995488986714424e-02
2.464058583740252537e-02
2.373699564146313987e-02
2.303746421732359023e-02
2.276960590848612492e-02
2.242889412951369274e-02
2.214181539490602327e-02
2.186896975004036167e-02
2.153692826293233595e-02
2.132377719391186088e-02
2.179335406302823977e-02
2.006746724840907312e-02
2.137572221685169263e-02
1.971850718292846721e-02
2.096069913105912813e-02
1.929389306631244805e-02
2.053961451378613634e-02
1.963291682385995274e-02
1.963832616524438177e-02
1.940806469723486277e-02
1.946422977373701846e-02
1.917883906055427648e-02
1.914220132280867667e-02
1.905814552867191383e-02
1.942904987267658409e-02
1.824520975607582529e-02
1.925395601396357945e-02
1.812896646249554516e-02
1.896008682953290170e-02
1.787518778690691187e-02
1.858427187774662481e-02
1.828859957952113854e-02
1.790710673748737228e-02
1.803754475668636545e-02
1.783083886037925558e-02
1.774091335537853614e-02
1.763890315154026389e-02
1.737146684805903132e-02
1.779013452556451116e-02
1.645418066010374825e-02
1.730555728424024511e-02
1.610391621443115623e-02
1.688811725868016866e-02
1.577164454258336498e-02
1.649856795075470284e-02
1.592295264485419845e-02
1.565321449397533496e-02
1.549599831671725353e-02
1.524785916725281305e-02
1.503624266316409136e-02
1.487522843769992220e-02
1.475722039444812492e-02
1.497754555452454270e-02
1.386740291877121972e-02
1.473715595796545701e-02
1.355772771554348936e-02
1.443488503053343315e-02
1.335006271615403126e-02
1.422112013554025813e-02
1.363549179346006460e-02
1.361538899285410359e-02
1.341900304571302938e-02
1.335646952474409989e-02
1.330111009483111485e-02
1.306712730686209432e-02
1.309601549170234282e-02
1.331123822338068502e-02
1.263748749009458230e-02
1.324022623116381976e-02
1.243442618550038431e-02
1.310725617982743015e-02
1.221210609101268559e-02
1.295145947513121933e-02
1.238631757488992992e-02
1.233955170859476168e-02
1.230958932830228739e-02
1.212444406928630224e-02
1.211140026736640292e-02
1.203095070081925885e-02
1.200789386271967213e-02
1.233218579692234827e-02
1.148556632407428564e-02
1.218755305210464032e-02
1.139050002655219579e-02
1.196250910486307967e-02
1.118191428820368601e-02
1.177793930769650312e-02
1.136437405858910232e-02
1.124203086940510528e-02
1.126251731124400593e-02
1.120405038734422105e-02
1.115145317430839104e-02
1.110422693853369697e-02
1.100708897835373824e-02
1.087872262181261047e-02
1.116261713418689218e-02
1.046377626426663390e-02
1.114535327870467239e-02
1.042410776078082045e-02
1.112241153297496843e-02
1.038294305648655019e-02
1.104441727031862767e-02
1.065835909761289786e-02
1.063894685122622474e-02
1.066323134127121312e-02
1.049093806355866007e-02
1.064101851388409015e-02
1.034097270560310929e-02
1.059429101171221500e-02
1.046181969397864779e-02
1.009525049590617903e-02
1.036813450489513545e-02
9.921537745631753627e-03
1.021283653380174357e-02
9.692810842553988004e-03
1.016530338504069778e-02
9.899977108340627177e-03
9.716443142502983327e-03
9.742070376863256123e-03
9.547602635886871456e-03
9.586695677523276310e-03
9.344963336648904467e-03
9.342891673991039064e-03
9.432164988895761978e-03
8.876652483601220334e-03
9.178194492690661468e-03
8.609331272489870526e-03
8.982460735645582048e-03
8.209615471891537966e-03
8.649920514934733920e-03
8.357163890079578536e-03
8.136838730003159020e-03
8.211034944453410311e-03
7.989904137787820146e-03
8.088653391146118435e-03
7.684947721725230059e-03
7.987602290390190957e-03
7.915285917981337849e-03
7.501183571147824157e-03
7.852944217628875581e-03
7.332343064531714021e-03
7.784234072809641247e-03
7.174589789547517957e-03
7.749399448858851694e-03
7.486758660789346459e-03
7.242762836640639391e-03
7.466770952553265610e-03
7.139333160240494795e-03
7.534828907276506019e-03
7.093794945890729078e-03
7.471528103841698978e-03
7.457985568318979859e-03
6.904314540942541566e-03
7.536555292824728344e-03
6.779055678388213636e-03
7.566364216624027646e-03
6.683720832003066034e-03
7.442026093028750525e-03
6.972909593391896609e-03
6.837407509918115751e-03
6.954072808854628619e-03
6.737353876367828745e-03
6.907268578436166415e-03
6.655906842615045074e-03
6.769503011688052067e-03
6.939302621386507844e-03
6.318993111848701487e-03
6.893495858173684376e-03
6.244298163795630394e-03
6.806447662420001855e-03
6.205665491638751377e-03
6.772111772072032104e-03
6.544343972076611254e-03
6.336947521550209163e-03
