0.000000000000000000e+00
0.000000000000000000e+00
0.000000000000000000e+00
0.000000000000000000e+00
0.000000000000000000e+00
0.000000000000000000e+00
0.000000000000000000e+00
0.000000000000000000e+00
1.966677090626134971e-07
1.966677090626134971e-07
1.966677090626134971e-07
3.933354181252269942e-07
1.966677090626134971e-07
7.866708362504539885e-07
3.933354181252269942e-07
7.866708362504539885e-07
1.770009381563521315e-06
3.736686472189656392e-06
1.239006567094465132e-05
4.897025955659075935e-05
7.847041591598279229e-05
1.947010319719873455e-04
4.356189755736889196e-04
7.872608393776418497e-04
8.130243092648441758e-04
2.917762131652934174e-03
5.207957603687068254e-03
9.760225065359383681e-03
1.376516629271044324e-02
1.807494246910855765e-02
1.274839423685673184e-02
2.447391971887881087e-02
3.362152487050815153e-02
3.393540653417208286e-02
3.045360141292757436e-02
2.941794925700385102e-02
3.205624657407881578e-02
2.481749820661119724e-02
2.816183259922093798e-02
2.948402960724888847e-02
3.354049777437435875e-02
2.972927424044996894e-02
2.967499395274868917e-02
2.903149720869581743e-02
2.767901337347222074e-02
2.535302437838869369e-02
2.327877005090530846e-02
2.646006691270214733e-02
2.275740395418032053e-02
2.513236320882044142e-02
2.573888642356954304e-02
2.646321359604714499e-02
2.434352902777029912e-02
2.457009022861043196e-02
2.791776797227423640e-02
2.423673846174929924e-02
2.452485665552602695e-02
2.929109858465846553e-02
2.656390746308720172e-02
3.211701689617915689e-02
2.645456021684839190e-02
3.096690413358099345e-02
3.253080575604690161e-02
3.236049151999867424e-02
3.783296719237495831e-02
3.960533658644722899e-02
4.144122965054672370e-02
3.947474922762965466e-02
4.119696835589096301e-02
4.393910622335098215e-02
3.963149339175255775e-02
4.603460066341313189e-02
4.862451772405868705e-02
5.028380318541995908e-02
5.308120467912656737e-02
5.092159656591001282e-02
5.014161243176769311e-02
5.140185911144091319e-02
4.520348292491452313e-02
5.074695564026241584e-02
4.685785169354922397e-02
4.718884344790160584e-02
4.592466341404712743e-02
4.536455377863680277e-02
4.712000974972969242e-02
4.621317494324198027e-02
4.757332881911901373e-02
4.917341730005243827e-02
4.643442611593742025e-02
4.959349952661018524e-02
4.048876793555648834e-02
4.747971498960520953e-02
4.708047954020810888e-02
4.612939449918131152e-02
4.836393300955071917e-02
4.328931611260810469e-02
4.447227238261972776e-02
4.529355673566520801e-02
4.674319441916573170e-02
4.433676833107558918e-02
4.493935819164343592e-02
4.568197546106386731e-02
4.742110801230455669e-02
4.353770742915418629e-02
5.415186368726343513e-02
5.953662556139779904e-02
6.624594445606885040e-02
6.814024782975994232e-02
5.607252053396892533e-02
7.331083856872512572e-02
6.671539027760131635e-02
7.242013051438053739e-02
5.327059568295387099e-02
5.246858476539652955e-02
7.622466734619680329e-02
6.983709682355217219e-02
9.151499172268780236e-02
4.628004196432327494e-02
7.195481471473839929e-02
9.397255141513423393e-02
7.601010287560949763e-02
9.480583249843251015e-02
9.196772078894996372e-02
1.045617308741925156e-01
1.104747422148690678e-01
5.771312256296924625e-02
1.290004470731491437e-01
9.178540982264890569e-02
7.763084146599448510e-02
1.048498490679692641e-01
9.753636697105784459e-02
1.327910204976219255e-01
1.125531265642427531e-01
1.052414144767129106e-01
9.708580124959539925e-02
1.124433859825858389e-01
1.104702188575606148e-01
1.191884984003062919e-01
1.211166286199561459e-01
1.129486253271676788e-01
8.838246845273850516e-02
1.302986506206714468e-01
1.235370181153897240e-01
1.147335814546199678e-01
1.281632326356695883e-01
9.967788165504065656e-02
1.070513474032161599e-01
1.310788314225228290e-01
1.681373211766092057e-01
6.990121049670658393e-02
1.424865418866997357e-01
2.421370867301806673e-01
1.377124332492047909e-01
1.813225143952940099e-01
1.446876468865284926e-01
1.812129704813461306e-01
1.602869362339568726e-01
6.851135979676109544e-02
1.120514272384240256e-01
8.963661843343080637e-02
9.762978413286259316e-02
8.191996753294102096e-02
5.182725136614334260e-02
8.718869545872845461e-02
7.782731250734803430e-02
8.433485033252084706e-02
9.652490494334882432e-02
1.022780254365574515e-01
9.833346119588862178e-02
6.256943830285235930e-02
3.302562171204843217e-02
5.229158382724018173e-02
1.916939827004199987e-02
4.155962361140241867e-02
4.022660987937602683e-02
2.311415917841990256e-02
3.200157295095940740e-02
2.446093965008067778e-02
2.683314555679392269e-02
2.455652015668510768e-02
1.622547933308373866e-02
1.490249565421953616e-02
1.324124351576764190e-02
1.305539253070347148e-02
1.107062201084357649e-02
1.213262763978168769e-02
1.291556178955995289e-02
1.116364583723019298e-02
1.605359175536301419e-02
1.945476311589185159e-02
1.777069752318869225e-02
1.486827547284264202e-02
2.072189316538227202e-02
2.134965649271013122e-02
2.383022630711687656e-02
2.578470999978113229e-02
2.304493214482986052e-02
4.002994217031341506e-02
4.290856742786288563e-02
6.498687778264999881e-02
1.317596950312975856e-01
1.473501343318181778e-01
2.223493651828458151e-01
1.077550244662421886e-01
1.344703660653076005e-01
4.446184899403940460e-02
2.473430776567771272e-02
1.459903737913592625e-02
4.167388755036779795e-03
2.932905545250755110e-03
1.247659946293219919e-03
2.031577434616797318e-04
4.975693039284121610e-05
3.402351366783213548e-05
8.063376071567154494e-06
8.063376071567154494e-06
2.556680217813975092e-06
9.833385453130673268e-07
9.833385453130673268e-07
1.966677090626134971e-07
0.000000000000000000e+00
5.900031271878404384e-07
0.000000000000000000e+00
1.966677090626134971e-07
0.000000000000000000e+00
0.000000000000000000e+00
0.000000000000000000e+00
0.000000000000000000e+00
0.000000000000000000e+00
0.000000000000000000e+00
0.000000000000000000e+00
0.000000000000000000e+00
0.000000000000000000e+00
0.000000000000000000e+00
0.000000000000000000e+00
0.000000000000000000e+00
0.000000000000000000e+00
0.000000000000000000e+00
0.000000000000000000e+00
0.000000000000000000e+00
0.000000000000000000e+00
0.000000000000000000e+00
0.000000000000000000e+00
0.000000000000000000e+00
0.000000000000000000e+00
0.000000000000000000e+00
0.000000000000000000e+00
0.000000000000000000e+00
0.000000000000000000e+00
0.000000000000000000e+00
0.000000000000000000e+00
0.000000000000000000e+00
0.000000000000000000e+00
0.000000000000000000e+00
0.000000000000000000e+00
