0.000000000000000000e+00
0.000000000000000000e+00
0.000000000000000000e+00
0.000000000000000000e+00
0.000000000000000000e+00
0.000000000000000000e+00
0.000000000000000000e+00
0.000000000000000000e+00
0.000000000000000000e+00
0.000000000000000000e+00
0.000000000000000000e+00
0.000000000000000000e+00
0.000000000000000000e+00
0.000000000000000000e+00
1.690105263091237525e-07
0.000000000000000000e+00
0.000000000000000000e+00
0.000000000000000000e+00
1.690105263091237525e-07
6.760421052364950101e-07
6.760421052364950101e-07
8.450526315456188738e-06
1.328422736789712901e-04
2.868108631465830435e-04
4.059632841945152678e-04
6.077618526076090369e-04
8.930516210174099800e-04
6.944642526041896243e-04
1.540023915728735635e-03
3.433279831443539903e-03
6.464314610271366078e-03
1.041206248379988007e-02
1.430471292575161840e-02
1.469614130468354860e-02
1.561843174675243626e-02
1.965541717817216941e-02
3.320363898816414833e-02
3.308583865132668639e-02
3.194873583031890285e-02
3.528432757755577132e-02
3.694502500906921699e-02
3.945821153528589198e-02
4.375074088248501192e-02
4.603322804028973231e-02
4.697275755604214675e-02
4.997945481908146192e-02
5.737704555563180597e-02
5.996020243974046343e-02
5.830440631348997316e-02
5.571786921885513860e-02
5.471394669257894500e-02
5.698899738722606328e-02
5.815162079770652692e-02
6.172619342914449636e-02
6.343150963960354771e-02
6.279366391331291097e-02
6.112857220811543368e-02
5.992318913447876316e-02
5.759540715562319613e-02
5.231585633477878888e-02
5.721327435563827030e-02
5.732110307142349037e-02
5.402725692418497427e-02
5.031358862959459805e-02
4.850213380861340823e-02
4.535600286136907272e-02
4.085711166154651353e-02
4.231989776675196963e-02
4.068742509313214711e-02
3.806826896691965084e-02
3.575738804069500398e-02
3.477256370389174289e-02
3.402536816707910777e-02
3.181200631453482558e-02
3.192710248295133058e-02
3.069281860931580633e-02
3.004466324092031418e-02
2.963937599883103430e-02
2.964191115672567406e-02
2.947171755673238386e-02
2.803546610415744850e-02
2.678292909368053601e-02
2.577765448319386740e-02
2.370321928327567829e-02
2.253535654647963876e-02
2.200111427281649379e-02
2.129397423073912249e-02
2.046514660971917796e-02
1.874833768347109950e-02
1.840288016769524998e-02
1.693705187301621992e-02
1.600986012568436645e-02
1.559510829412177890e-02
1.515787806256007481e-02
1.446848412574515755e-02
1.389300328366259267e-02
1.356748900999121994e-02
1.306502071527419415e-02
1.232357153635606911e-02
1.208661877847067717e-02
1.210926618899609876e-02
1.178561103111412829e-02
1.144995612586420866e-02
1.150201136796741817e-02
1.185591941005872431e-02
1.204064791531459476e-02
1.259618551529268632e-02
1.312924471527166133e-02
1.302682433632833432e-02
1.256204538897824109e-02
1.232374054688237762e-02
1.284344791528293367e-02
1.342721027315464666e-02
1.466048008363232333e-02
1.592434079937194921e-02
1.709963999932559778e-02
1.797849473613304105e-02
1.771230315719617143e-02
1.781016025192915311e-02
1.928004479923960471e-02
2.142901364126011121e-02
2.322745465171549561e-02
2.392884833589836030e-02
2.354215225170308914e-02
2.161492522020014642e-02
2.118158223074355362e-02
2.384485010432272831e-02
2.655493389368952448e-02
2.831568555677797805e-02
3.013373178828522223e-02
3.296448909343673711e-02
2.996979157776536937e-02
2.831737566204107007e-02
3.200231216715889587e-02
3.415246408286357060e-02
3.542984564070792569e-02
3.434817827232953397e-02
3.623247663014995262e-02
3.581603469332426959e-02
3.832381288269904457e-02
4.974165700856452571e-02
4.984441540856046626e-02
5.260266719792536932e-02
5.618518332409987159e-02
6.724117591313751030e-02
6.876683393412996725e-02
9.476217397520998731e-02
8.945980673331384303e-02
1.272148991949826891e-01
1.124258021008291281e-01
1.353160807525579379e-01
1.093236138904251642e-01
1.320504593632130241e-01
1.636452871514406382e-01
1.166279108164528788e-01
1.490958469835934053e-01
1.326573761631890946e-01
1.056302268589918714e-01
1.653075056776908691e-01
1.533503489623729843e-01
1.318579563737469484e-01
1.490752276993836944e-01
1.478020714046970607e-01
1.609556536357572565e-01
2.219638903491405746e-01
2.328731818013418942e-01
1.329117370052843305e-01
1.946414796554813142e-01
3.293433761554318551e-01
2.260907893805567392e-01
1.734884602036840251e-01
1.459941658047683721e-01
1.020806677854476652e-01
1.318792517000619002e-01
1.113446417640296532e-01
9.053150248063999983e-02
5.462251199784570743e-02
8.261927469147836711e-02
5.274953734528799870e-02
5.815331090296961547e-02
2.821039199888739427e-02
1.407840783102370062e-02
8.763871831233303877e-03
7.532630147071337108e-03
8.787702315442890225e-03
9.162736673322836173e-03
8.979698273330054270e-03
8.470807578613282623e-03
7.920847326003394376e-03
6.077618526076091453e-03
6.868249768150171825e-03
1.347892749420523915e-02
2.226341860964825559e-02
2.410495730431246736e-02
3.195160900926615616e-02
3.506765608282746971e-02
2.046514660971917796e-02
1.316084968369146679e-02
4.114104934574583372e-02
6.931020277621380288e-02
7.436125136548826786e-02
1.192759677426642323e-01
1.350475230262527249e-01
1.877041045820707077e-01
3.394728530392428917e-02
7.929754180739885527e-02
4.348201414565350253e-02
5.983817683974526971e-03
2.571664168319627315e-03
9.305719578580354473e-04
1.000542315750012822e-04
2.197136842018609021e-06
1.014063157854742462e-06
1.352084210472990020e-06
3.380210526182475051e-07
0.000000000000000000e+00
1.690105263091237525e-07
0.000000000000000000e+00
0.000000000000000000e+00
0.000000000000000000e+00
0.000000000000000000e+00
0.000000000000000000e+00
0.000000000000000000e+00
0.000000000000000000e+00
0.000000000000000000e+00
0.000000000000000000e+00
0.000000000000000000e+00
0.000000000000000000e+00
0.000000000000000000e+00
0.000000000000000000e+00
0.000000000000000000e+00
0.000000000000000000e+00
0.000000000000000000e+00
0.000000000000000000e+00
0.000000000000000000e+00
0.000000000000000000e+00
0.000000000000000000e+00
0.000000000000000000e+00
0.000000000000000000e+00
0.000000000000000000e+00
0.000000000000000000e+00
0.000000000000000000e+00
0.000000000000000000e+00
0.000000000000000000e+00
0.000000000000000000e+00
0.000000000000000000e+00
0.000000000000000000e+00
0.000000000000000000e+00
0.000000000000000000e+00
0.000000000000000000e+00
0.000000000000000000e+00
0.000000000000000000e+00
0.000000000000000000e+00
0.000000000000000000e+00
0.000000000000000000e+00
