0.000000000000000000e+00
0.000000000000000000e+00
0.000000000000000000e+00
0.000000000000000000e+00
0.000000000000000000e+00
0.000000000000000000e+00
0.000000000000000000e+00
0.000000000000000000e+00
0.000000000000000000e+00
0.000000000000000000e+00
0.000000000000000000e+00
3.403579035780206053e-07
3.403579035780206053e-07
1.701789517890103026e-07
1.701789517890103026e-07
3.403579035780206053e-07
3.403579035780206053e-07
3.573757987569216461e-06
4.084294842936247263e-06
6.807158071560412105e-06
1.293360033596478427e-05
1.786878993784608442e-05
3.488668511674711172e-05
9.019484444817547247e-05
1.831125521249751115e-04
4.366791902906004812e-04
7.333011032588453810e-04
1.276001780513999267e-03
1.739739424139052351e-03
2.541792823920658011e-03
3.682332158810605258e-03
5.443514130875072923e-03
6.771760849588298950e-03
1.056828308504932992e-02
1.518319589966371161e-02
1.978228207176171288e-02
3.116555215692861508e-02
3.478764096680591472e-02
5.000231997255058514e-02
5.471729801081691436e-02
7.030517945783487654e-02
6.576208216087546521e-02
7.878638787814379318e-02
7.663141181163955762e-02
7.365413105009081807e-02
7.754016741419286762e-02
7.504006843346051892e-02
7.685655856485641702e-02
7.621719624298510520e-02
7.234307240550828799e-02
6.897352916008588075e-02
7.124031279791549764e-02
6.521461647297022157e-02
6.934775267506991525e-02
6.402523577891681972e-02
6.632520431234530112e-02
6.054677800434945384e-02
6.083710329610150791e-02
5.800770804365741606e-02
5.008247425884321258e-02
5.355378451743544876e-02
4.271763976227021392e-02
4.690863680797816709e-02
3.738389105529905249e-02
3.971755502118175241e-02
3.344067456339589600e-02
3.385471995309855681e-02
3.020080767923671514e-02
2.889910887700257794e-02
2.908307232388649549e-02
2.594905674774007978e-02
2.762685103342793144e-02
2.624244526062433774e-02
2.715290265269553957e-02
2.642198405476174281e-02
2.520673616003641856e-02
2.760659973816504201e-02
2.109027749521204947e-02
2.610630209919312730e-02
1.918546448783765498e-02
2.324167980372872019e-02
1.782862770522387549e-02
2.039390522449141888e-02
1.725359302712881071e-02
1.691697906049014974e-02
1.637444856218678302e-02
1.555418601456375408e-02
1.590509501315269525e-02
1.440888166902371328e-02
1.518881180507274803e-02
1.410392098741780793e-02
1.533295337723804101e-02
1.344311611762108102e-02
1.487347020740771228e-02
1.377275274723639351e-02
1.490393223977794571e-02
1.471350199272604235e-02
1.579890334723635034e-02
1.618452885199024929e-02
1.656862274617804456e-02
1.698300849378428512e-02
1.792307702346677967e-02
1.861961947313919494e-02
1.927361718486436323e-02
2.041960224621156006e-02
2.141225607199685396e-02
2.194321440157856809e-02
2.163995550949055283e-02
2.265149919892442756e-02
2.243281924587555223e-02
2.189743626354732561e-02
2.228816713685488962e-02
2.127339004733702632e-02
2.098885083994580028e-02
2.024023363102594314e-02
1.989562125365319442e-02
1.780854658891277420e-02
1.895061753436881949e-02
1.844076139480894591e-02
1.952378024399420778e-02
1.917457303492315843e-02
1.919108039324669487e-02
1.908693087475181807e-02
1.512856845613943894e-02
1.968493971133839990e-02
2.105198723105952338e-02
2.291323442677592817e-02
2.318194699165077727e-02
2.112550453823237515e-02
2.478299057008178513e-02
1.545309971720108290e-02
2.511722203139540172e-02
2.462285217644832533e-02
2.604810089768128459e-02
2.751283113572929734e-02
2.625742100838177051e-02
3.124621698007660694e-02
1.849777134365826470e-02
3.512408475449278061e-02
3.787213446798172456e-02
4.214260508417514567e-02
4.489167587137481846e-02
3.309231824908379083e-02
5.606018011938398993e-02
3.564857628390651761e-02
6.716861119741163177e-02
7.498544098993624452e-02
7.848278862815220858e-02
9.422791542662321829e-02
5.618730379637038030e-02
8.806726719290924876e-02
6.917570175481121963e-02
1.117543053134698178e-01
1.022348351082961598e-01
8.196124640271956752e-02
9.531535892855499958e-02
9.373950183498876154e-02
1.249469180140574814e-01
9.180388643734055387e-02
1.504501059081103376e-01
1.092776910280843505e-01
1.271316753971248048e-01
1.462904217895315551e-01
1.149509467438745852e-01
1.404383079954110991e-01
1.228532063701972821e-01
1.819924342642998405e-01
1.637526542115537165e-01
1.439196588121588738e-01
2.205464757921001273e-01
1.464175454665179732e-01
2.992287141517490645e-01
2.849855867817678301e-01
2.422332305133326480e-01
1.990964399928061013e-01
6.514467292378493812e-02
1.330384166347695629e-01
1.081596153148305511e-01
1.239680486833670964e-01
1.101990398730700454e-01
1.158922065262195933e-01
4.400249084827723839e-02
4.300013682223997186e-02
1.382227482220699591e-02
1.996913856082604966e-02
1.071327555197356708e-02
9.949001879489121139e-03
9.451909161313420613e-03
8.077033409810007933e-03
9.470799024962001447e-03
7.318716000638177295e-03
8.519328505509645919e-03
8.383695880933803371e-03
8.177949528220890968e-03
8.839605292776562054e-03
7.470175267730396786e-03
1.033973275279668688e-02
8.573615591130338831e-03
1.478821055256141805e-02
2.383356219805089771e-02
3.260866966809942286e-02
3.860662682390308964e-02
3.262483666851937608e-02
5.704313374491731120e-02
6.021237636408405258e-02
9.187110712329722706e-02
7.425265042353276779e-02
1.021376629268246350e-01
2.458667213129798190e-01
6.099247667908487547e-02
7.741440516882079625e-02
3.657571121325304403e-02
3.745468549924327924e-03
1.068383459331406684e-03
3.961765997648160277e-04
9.598092880900182297e-05
3.488668511674711172e-05
1.293360033596478427e-05
7.147515975138432922e-06
2.893042180413175251e-06
1.021073710734061816e-06
1.871968469679113435e-06
1.191252662523072224e-06
3.403579035780206053e-07
0.000000000000000000e+00
1.701789517890103026e-07
1.701789517890103026e-07
0.000000000000000000e+00
0.000000000000000000e+00
0.000000000000000000e+00
0.000000000000000000e+00
0.000000000000000000e+00
0.000000000000000000e+00
0.000000000000000000e+00
0.000000000000000000e+00
0.000000000000000000e+00
0.000000000000000000e+00
0.000000000000000000e+00
0.000000000000000000e+00
0.000000000000000000e+00
0.000000000000000000e+00
0.000000000000000000e+00
0.000000000000000000e+00
0.000000000000000000e+00
0.000000000000000000e+00
0.000000000000000000e+00
0.000000000000000000e+00
0.000000000000000000e+00
0.000000000000000000e+00
0.000000000000000000e+00
0.000000000000000000e+00
0.000000000000000000e+00
0.000000000000000000e+00
0.000000000000000000e+00
0.000000000000000000e+00
