2.734666415007071118e-06
0.000000000000000000e+00
5.469332830014141601e-07
1.093866566002828320e-06
0.000000000000000000e+00
1.093866566002828320e-06
1.640799849004242374e-06
1.093866566002828320e-06
1.640799849004242374e-06
1.093866566002828320e-06
3.281599698008484749e-06
7.110132679018384399e-06
6.016266113015555443e-06
8.750932528022626561e-06
8.750932528022626561e-06
9.844799094025456364e-06
9.297865811024040616e-06
1.422026535803676880e-05
1.968959818805091273e-05
4.320772935711172214e-05
1.181375891283054628e-04
1.230599886753181978e-04
2.953439728207636638e-04
2.018183814275218216e-04
4.173100949300789894e-04
2.805767741797254725e-04
5.595127485104467316e-04
7.525801974099459012e-04
9.100969829143532031e-04
1.390304405389594915e-03
1.164967892793012088e-03
2.037326479180267842e-03
1.185204424264064450e-03
2.578790429351667576e-03
2.752715213346117445e-03
3.580225270527257093e-03
4.645104372531010106e-03
4.332805467937203212e-03
5.315097644207743104e-03
2.889995467379472601e-03
5.374713372054897020e-03
4.776368360451350645e-03
6.473502337604738338e-03
7.891700340427404772e-03
8.739446929079597651e-03
1.275885962585698863e-02
1.443466320497332339e-02
2.155901614934974467e-02
2.366088075592417614e-02
2.444463615046520502e-02
1.936143821825006203e-02
1.881505186853164868e-02
1.419948189328271333e-02
1.248758071748828913e-02
1.120830376854797979e-02
9.071435431861455539e-03
7.773015818016097873e-03
7.573932103003583327e-03
5.784366401022956149e-03
6.363568747721454200e-03
4.555407314118778764e-03
5.723656806609799495e-03
4.960684876822826946e-03
4.671357170115078387e-03
5.007174205877947155e-03
4.035273761984433695e-03
4.944823811615785963e-03
3.684142594297526180e-03
4.745193163320268748e-03
4.364527598351285176e-03
4.302177204089123984e-03
4.592598777362875279e-03
3.866818310819998376e-03
4.462975589291540146e-03
3.572021271282236135e-03
4.345931866729236918e-03
3.989331366212315287e-03
3.891430308555062119e-03
4.225606544468926348e-03
3.598821002149305351e-03
4.438363591556475536e-03
3.865177510970993838e-03
4.983656074708886149e-03
5.477536829259162937e-03
6.534211932017894991e-03
8.218219510379248111e-03
8.868523183867930981e-03
1.145223601276661174e-02
1.016202039816627503e-02
1.282230388668515429e-02
1.026757852178554822e-02
1.056675102758732228e-02
8.045935526233803647e-03
1.037204277883881955e-02
8.832425587189838070e-03
1.162889546317606888e-02
8.683112800930451944e-03
1.091842912855723116e-02
8.498249351275972974e-03
8.981738373449224197e-03
8.116489919740985798e-03
7.665816894547821010e-03
7.987960598235654269e-03
7.643939563227764543e-03
7.879120874918372000e-03
8.370266963053641512e-03
6.568668728846984231e-03
9.166054889820701365e-03
6.576872728092005189e-03
9.810342297196366149e-03
8.160244582381100467e-03
8.075469923515880138e-03
7.546038505570511375e-03
5.974152250224447000e-03
7.112867345433391240e-03
5.807884532192017155e-03
6.983791090645057910e-03
5.864218660341162861e-03
7.676755560207849244e-03
8.072188323817872796e-03
7.403288918707142535e-03
8.487310685615943873e-03
7.076222815472296528e-03
7.872010742239355513e-03
6.092289839352752097e-03
7.954597667972568634e-03
8.370266963053641512e-03
6.755172978350466005e-03
8.738899995796595849e-03
7.728167288809983070e-03
9.289114878496018343e-03
7.124352944376421276e-03
9.889647623231571927e-03
1.096218379119734410e-02
9.500778059017564794e-03
1.374990273465555302e-02
1.291747027792740019e-02
1.606343052175153441e-02
9.833860428365426287e-03
1.719667628413046323e-02
1.766649197422867981e-02
8.976815973902211448e-03
1.779939676199802229e-02
1.320132865180513419e-02
1.889326332800085259e-02
1.584848574153197714e-02
1.840977430582759963e-02
1.482572050231933426e-02
9.655560178106965472e-03
1.503300821657686977e-02
1.256469831039148770e-02
1.464851411862687705e-02
1.210636821923630375e-02
1.721800668216752137e-02
1.380240832982368958e-02
8.677096534817435591e-03
9.668139643615998244e-03
7.795440082619156143e-03
8.181574980418155132e-03
6.202770362519038037e-03
6.797833774424577070e-03
5.799680532946996196e-03
5.029598470481005425e-03
5.311269111226733092e-03
4.443832924386490087e-03
5.214461920135482660e-03
4.578378512004837968e-03
5.701232542006741226e-03
5.597862151519474375e-03
5.659118679215631963e-03
6.157374900029920564e-03
6.360287148023445122e-03
7.183968672223575193e-03
6.468579938057725590e-03
6.996917489437091617e-03
6.764470844161490568e-03
7.471108645799317410e-03
6.023376245694574485e-03
8.154228316268082380e-03
7.092630813962339312e-03
8.697879999571488455e-03
7.468920912667311937e-03
8.841176519717859963e-03
9.560393786864721313e-03
7.933267269935513968e-03
1.266861563416175722e-02
9.425301265963369896e-03
1.676788059025735578e-02
1.169671519026824376e-02
1.883692919985170341e-02
2.030817973112550995e-02
2.131617777169711458e-02
2.392504953161386089e-02
2.352414743517382625e-02
3.465205201112060013e-02
1.677389685637037386e-02
3.842206313084934460e-02
3.636340625363202600e-02
3.694424940017952685e-02
4.217840091850305617e-02
4.048126694134967368e-02
4.603099896396501550e-02
1.980609497733021307e-02
4.450614897095708095e-02
4.296598484602509593e-02
2.533121500221049635e-02
3.672383528712995504e-02
2.828410779713513151e-02
2.989920178183830962e-02
2.688505245921751774e-02
1.892717319154693656e-02
1.187884397350771545e-02
8.675455734968431920e-03
9.678531375993025543e-03
5.480818428957172014e-03
9.438974598038406272e-03
7.744575287300024986e-03
9.622197247843879836e-03
8.782654658436708783e-03
9.155116224160672264e-03
9.647903112144945448e-03
7.197095071015608900e-03
9.531953256148646692e-03
5.411904835298993535e-03
9.293490344760031024e-03
6.451625006284681871e-03
9.758383635311231388e-03
9.052839700239406415e-03
8.729602129985572154e-03
1.025937452254052813e-02
6.371225813683473356e-03
1.168249492491020732e-02
8.669986402138417370e-03
1.468844024828597911e-02
1.689640991176269078e-02
1.734434827054084916e-02
2.267640084652163338e-02
1.387186885676486812e-02
2.927952637219770338e-02
2.862539416572801657e-02
4.476047294755273326e-02
4.747927829735276023e-02
4.732996551109337757e-02
6.478698203793252508e-02
2.964980020478966485e-02
8.796874923794746615e-02
8.460729728062077459e-02
1.250174628951802591e-01
1.629653348696673831e-01
1.679309421460372098e-01
2.914071470497194838e-01
1.550523041312029116e-01
4.563977758663411155e-01
4.316993626725632027e-01
5.979216852425041084e-01
