4.172870859554500546e-07
0.000000000000000000e+00
0.000000000000000000e+00
0.000000000000000000e+00
8.345741719109001092e-07
1.251861257866350164e-06
1.251861257866350164e-06
1.251861257866350164e-06
3.338296687643600437e-06
5.424732117420851133e-06
5.842019203376300764e-06
7.511167547198101829e-06
1.335318675057440175e-05
1.752605761012890145e-05
3.046195727474785525e-05
5.466460826016396096e-05
1.080773552624615679e-04
1.852754661642198192e-04
2.608044287221563057e-04
3.096270177789439346e-04
4.081067700644301762e-04
5.608338435241248462e-04
6.388665285977940950e-04
8.875696318272421632e-04
1.288165234344474351e-03
1.334066813799573807e-03
1.275646621765810784e-03
1.312367885329890392e-03
2.724467384203133231e-03
3.214779710200787576e-03
3.645002695820856280e-03
3.633318657414103588e-03
3.448043191249883579e-03
3.228967471123272027e-03
2.643096402441820914e-03
4.352304306515343904e-03
4.584315926306574245e-03
5.594150674318763145e-03
6.376981247571188692e-03
6.397011027697049705e-03
5.593733387232808357e-03
4.983242380479984898e-03
6.439991597550461314e-03
5.810722671929642071e-03
5.501512941236652923e-03
5.395104734318013906e-03
5.039158849998014861e-03
3.860322832173868676e-03
3.250249112507000871e-03
4.491260906138509236e-03
4.386521847563691102e-03
4.210009410204535070e-03
3.926254191754829578e-03
3.494779344876893911e-03
2.900979821562288830e-03
3.069981091374246115e-03
3.940859239763270551e-03
3.677968375611336514e-03
3.604108561397222077e-03
3.520651144206131920e-03
3.183065891668173004e-03
2.814184107683555171e-03
2.681069527263766836e-03
3.069563804288290895e-03
2.837134897411104899e-03
2.694005426928385624e-03
2.660622460051949734e-03
2.569653875313661264e-03
2.350995442273005800e-03
2.205779536360508684e-03
2.738237858039663328e-03
2.629325928605290817e-03
2.564646430282196011e-03
2.456569075019734375e-03
2.454065352504001749e-03
2.242083512838633289e-03
2.204527675102642588e-03
2.574661320345126951e-03
2.643930976613731356e-03
2.611799870995161997e-03
3.072067526804023521e-03
4.203750103915203720e-03
4.290545817793937379e-03
3.578236762067984068e-03
5.029143959935084354e-03
4.972810203331097870e-03
4.596834538885237811e-03
4.416983804838439144e-03
4.239636793307372670e-03
4.590157945509949940e-03
5.267414886015646044e-03
6.686190978264176105e-03
7.025028092060001984e-03
6.978291938432991219e-03
6.409529640275712405e-03
5.280768072766220921e-03
4.905626982492270437e-03
4.688637697795436723e-03
4.583481352134662935e-03
4.895194805343384276e-03
5.440171739601202053e-03
6.688694700779908298e-03
7.206965261536578057e-03
9.393132304857181383e-03
8.931612787790452895e-03
7.880466618268673271e-03
7.150631504932592440e-03
7.846249077220328674e-03
7.326309368119837163e-03
6.013941482789945253e-03
5.563271429958060316e-03
4.884762628194498114e-03
4.754151770290442405e-03
4.825925149074779437e-03
5.389262715114637343e-03
5.809053523585820319e-03
6.090722306605749273e-03
6.499246363756134778e-03
6.345684716124529341e-03
5.566609726645703818e-03
5.741035728575081577e-03
6.460855951848232769e-03
6.328158658514400521e-03
6.738351864008606910e-03
6.929469349376203048e-03
6.283091653231211507e-03
6.356951467445325944e-03
6.323151213482935268e-03
7.007502034449873164e-03
7.698529448792098065e-03
8.660376181919409236e-03
9.271284475758189217e-03
9.817930558359829613e-03
9.987766402343696906e-03
1.063080580180104581e-02
1.022228174465066031e-02
1.040797449790083554e-02
1.407551069636328415e-02
1.681124483188721833e-02
1.890894701298526451e-02
2.095115001165123725e-02
2.222512748507322541e-02
1.939258274560762968e-02
1.950525025881560265e-02
1.986203071730751127e-02
2.160295243991364883e-02
2.067949611869423707e-02
1.493929496429106767e-02
1.253655592335958628e-02
1.107688569668742289e-02
1.018222218439893655e-02
9.222044599615446259e-03
8.619482047495775900e-03
9.018825788755142209e-03
1.040046333035363722e-02
1.099509742784015448e-02
8.873192595756690740e-03
7.264968166484386293e-03
7.201957816505111937e-03
5.946758261951118688e-03
4.988667112597405806e-03
4.918145595070934871e-03
5.102586487063243137e-03
5.605417425639560615e-03
5.109680367524485796e-03
4.586819648822306437e-03
4.093586313222964679e-03
3.482678019384185999e-03
3.658355882571430288e-03
4.281782788988872969e-03
4.674032649786995751e-03
4.922318465930488815e-03
4.979069509620430087e-03
4.864315560982681447e-03
4.614777883581322286e-03
4.424912259471592245e-03
4.609770438549857033e-03
5.587891368029431795e-03
6.233851777088468549e-03
6.729171548117587713e-03
6.586042077634868437e-03
6.164164833733908055e-03
5.624195344507555532e-03
6.631943657089967893e-03
8.360764054203396675e-03
1.086323470867823181e-02
1.457500333825195900e-02
1.493011464840004847e-02
1.036123834427382477e-02
1.011962912150561958e-02
8.846068935169586200e-03
1.060952416041731870e-02
1.364653957200108458e-02
1.471771552164872349e-02
1.849124263994385980e-02
2.223597694930806723e-02
2.345946268532944634e-02
1.788784551365227987e-02
1.313619746587756619e-02
2.743996419825848326e-02
2.817772776622772327e-02
3.226004732812988440e-02
3.675715025347177367e-02
3.759673187041413789e-02
2.938118372212324136e-02
1.818453663176660198e-02
4.225282117550505090e-02
4.119666756095181209e-02
3.447709361581119403e-02
2.564896802533769490e-02
1.297011720566729892e-02
4.353138880687254346e-03
8.014415772860373349e-03
1.006621637450332181e-02
1.041506837836207733e-02
1.007164110662074272e-02
8.703774038858778234e-03
6.172927862538972466e-03
4.463719958465449042e-03
8.119572118521148005e-03
7.898409962964758613e-03
8.101628773825062663e-03
8.234326067158896645e-03
7.877128321581031503e-03
5.347951293605048353e-03
5.980558515913510231e-03
1.041465109127612254e-02
1.203122126226753748e-02
1.385434854080689650e-02
1.509410847318054007e-02
1.511914569833786720e-02
1.108314500297675337e-02
1.290043026231273843e-02
2.266745179618600073e-02
3.169295417831643341e-02
4.019517855465872674e-02
4.645907500193598855e-02
4.765627165154217443e-02
2.903900831163976765e-02
4.999141018454887619e-02
7.375090228468028641e-02
8.813437085047869102e-02
1.015739360278458681e-01
1.334767856103979133e-01
1.735459434650980792e-01
1.456452943239447961e-01
1.124430127557274756e-01
3.027968627560251313e-01
3.817008432651692873e-01
4.363808911475135499e-01
4.258398020691929742e-01
3.558386415389083179e-01
2.941586027896613276e-01
1.127843535920390432e-02
1.867063435819610595e-01
