0.000000000000000000e+00
0.000000000000000000e+00
0.000000000000000000e+00
4.320959266165781552e-07
4.320959266165781552e-07
4.320959266165781552e-07
4.320959266165781552e-07
8.641918532331563104e-07
0.000000000000000000e+00
1.296287779849734360e-06
0.000000000000000000e+00
1.296287779849734360e-06
8.641918532331563104e-07
1.296287779849734360e-06
1.728383706466312621e-06
2.160479633082891094e-06
3.024671486316047192e-06
8.641918532331564374e-06
6.956744418526908500e-05
3.154300264301020649e-05
1.408632720770044771e-04
1.508014783891857633e-04
1.784556176926467856e-04
4.714166559386867767e-04
6.278353813738880721e-04
8.343772342966123551e-04
6.464155062184009752e-04
1.335176413245226651e-03
9.065372540415810769e-04
1.445360874532453967e-03
2.281898588462149321e-03
2.528193266633599074e-03
2.850536827889566232e-03
2.488440441384873712e-03
3.213929502174108638e-03
1.843321222946322623e-03
3.069609462684171411e-03
4.023677268653575757e-03
4.018924213460793420e-03
4.459229962683086343e-03
4.330033280624730543e-03
5.953849772849829913e-03
3.817135415730851366e-03
4.737499739424162574e-03
6.377735876860693258e-03
5.836319680810121355e-03
6.442118169926563422e-03
5.603419976363785936e-03
6.623166363178910332e-03
3.403619613958786243e-03
3.903554601054167426e-03
4.514970337216625378e-03
3.783864029381375001e-03
4.050035120177187219e-03
3.604112123908878845e-03
4.031887091259290547e-03
2.781401479630913730e-03
3.151275592814704700e-03
3.846085842814162600e-03
3.490038799282101870e-03
3.732012518187385625e-03
3.314175757149154938e-03
3.691827597012044358e-03
2.578316394121121791e-03
2.860042938275130908e-03
3.347447143498631303e-03
2.793500165576177745e-03
3.037634364114544499e-03
2.586958312653453787e-03
2.813808674127156982e-03
1.953505684233549939e-03
2.238688995800491507e-03
2.702327925060079780e-03
2.429675395365018999e-03
2.509181045862469289e-03
2.447823424282915671e-03
2.571402859295256454e-03
1.898197405626627894e-03
2.145356275651310977e-03
2.877326775339794033e-03
2.788315014456779067e-03
4.676142117844609390e-03
2.655229469058872742e-03
5.061571684386596826e-03
2.658686236471805627e-03
3.553556900494738921e-03
4.032319187185907754e-03
3.728123654847836834e-03
3.671951184387681460e-03
3.722938503728437723e-03
3.200534528448994304e-03
3.516828746732330105e-03
3.020350527049881374e-03
3.156028648007486604e-03
3.835715540575364377e-03
3.803308346079120692e-03
4.074232492067715247e-03
4.423366000773910206e-03
4.236700560475549146e-03
3.899233641788001428e-03
4.415156178168196284e-03
4.776820468746271163e-03
4.253552301613595064e-03
5.447001250928584261e-03
4.518859200556174169e-03
4.584537781401894219e-03
3.557877859760904486e-03
3.776086302702276552e-03
3.948060481495674692e-03
3.429977465482397705e-03
3.779543070115209437e-03
3.538865638989775134e-03
4.274725002017807848e-03
3.436458904381646268e-03
3.962751743000638045e-03
4.644599115201599251e-03
4.527933215015122505e-03
5.681197243154769566e-03
5.835887584883504148e-03
6.858226547258329184e-03
6.350081737557232778e-03
7.292482953507989883e-03
8.215439852761002165e-03
8.085378978849411952e-03
1.053060982757262655e-02
9.588640707548487518e-03
1.090178022853626784e-02
9.045928223718064862e-03
9.065804636342426892e-03
9.570924774557206319e-03
9.876848690601744765e-03
1.273386695739055913e-02
1.520804823319708496e-02
1.621915270147987823e-02
1.275503965779477104e-02
1.398608095272540174e-02
1.056777007726165257e-02
1.157109681886534652e-02
1.331806065017617120e-02
1.501749392955917424e-02
1.652594080937764762e-02
1.468694054569749143e-02
1.356997257539363858e-02
1.163418282415136680e-02
1.039320332290855596e-02
1.269454622806845054e-02
1.124097553093028092e-02
1.451885523024364251e-02
1.481656932368246443e-02
1.566563781948404274e-02
1.259343578124016982e-02
1.091517520226138217e-02
1.082875601693806568e-02
9.807281246416475057e-03
9.449937915104563574e-03
7.789825365043671727e-03
8.773275694023002780e-03
8.552474675521930941e-03
9.137964656087396373e-03
8.518339097319221898e-03
9.366543401267565794e-03
7.367667644739273741e-03
8.144576120795882571e-03
1.053752336239849145e-02
1.163245444044489971e-02
1.335954185913136409e-02
1.468521216199102433e-02
1.452706505284935903e-02
1.117745742971764517e-02
9.024755523313851210e-03
1.016721715328808458e-02
8.766794255123755084e-03
8.779325036995635004e-03
8.255624773936343433e-03
7.677912520049978186e-03
6.665511763987335032e-03
5.982800199933141147e-03
4.986819089081928440e-03
4.387502038864734936e-03
6.494401777047170872e-03
6.025145600741565848e-03
6.200576546947896873e-03
6.773967841568095255e-03
6.882423919148857212e-03
5.774529963303950963e-03
6.254588537774968815e-03
8.968150956927080364e-03
8.857966495639852181e-03
1.049777053714976739e-02
1.325756722044985070e-02
1.835111400340607574e-02
1.691266666369948407e-02
1.281250841603477630e-02
2.211596581201632009e-02
1.887222169090566753e-02
2.359589436067810117e-02
2.377348578651751476e-02
2.939289331216611567e-02
1.783648775480572990e-02
2.169467228356515565e-02
3.125263418032386831e-02
3.187787698613805260e-02
3.974245494648639271e-02
3.499372071297019576e-02
4.149633231262308403e-02
1.997363420785132695e-02
2.916085779957301033e-02
4.071337449359384297e-02
3.736247058268228616e-02
3.560427225727942624e-02
1.992739994370335346e-02
1.265695388245280731e-02
5.802184102607411444e-03
8.334698328507176082e-03
1.077906498537715974e-02
9.849626647224900625e-03
9.601171489420367439e-03
6.986559037463451437e-03
9.452530490664265081e-03
4.868424805188986335e-03
7.877108742220220033e-03
8.358895700397704978e-03
7.301124872040321012e-03
8.175254931585659163e-03
6.561376645672739073e-03
9.628393532797211579e-03
6.639153912463723571e-03
1.019703177222462849e-02
1.341182546625196981e-02
1.318886396811781540e-02
1.708464084249288611e-02
1.147733200278954965e-02
2.115282399158796914e-02
1.707859149952025216e-02
2.501273690405386371e-02
3.069134157164893004e-02
2.892450132771374333e-02
3.626926788834233806e-02
2.980813749764464615e-02
5.312446579380181860e-02
5.198718931494698825e-02
6.961281425756382646e-02
1.237885694408237952e-01
1.360471308789361067e-01
2.141834693849385407e-01
9.576412392825237041e-02
2.823911076891452709e-01
2.123492221764511911e-01
3.137958396356381741e-01
3.744573546774129791e-01
3.977218314623761075e-01
4.159057243421816485e-01
2.726132089657387070e-01
3.013009217256665817e-01
8.602252126268161714e-02
