1.078348801854366144e-06
0.000000000000000000e+00
1.078348801854366144e-06
0.000000000000000000e+00
4.313395207417464578e-06
1.617523202781549323e-06
4.475147527695619743e-05
4.906487048437366624e-05
1.283235074206695938e-04
3.887447430684990422e-04
1.027666408167210964e-03
1.799224975894010009e-03
2.581567031639352919e-03
5.430564566138588838e-03
5.515214947084155946e-03
6.272215805985921488e-03
1.745469288121569845e-02
1.149897244857403522e-02
1.809954546472461109e-02
2.105745622821113966e-02
2.420893060163052321e-02
2.231265423356961972e-02
2.384930127621209123e-02
3.735130662423060549e-02
2.300387581555826677e-02
3.475841693017178713e-02
5.635882178011659971e-02
5.749162719646461195e-02
6.152519088980086537e-02
6.126746552615767311e-02
7.056930229095344231e-02
5.408997590101500413e-02
4.062948698186788499e-02
7.976438252436561516e-02
6.680694332128354895e-02
7.143090298363508062e-02
6.812953812675792697e-02
6.948933596589627892e-02
6.301169471315710979e-02
5.514621855243136139e-02
7.228333771150094456e-02
4.478112986900719544e-02
5.633294140887209339e-02
7.014712873502744472e-02
6.452300055895600350e-02
6.271730549025086865e-02
5.096276437563734829e-02
5.990119759420818590e-02
4.516394369366549116e-02
4.518389314649980115e-02
5.528909976867706771e-02
4.680141634928134536e-02
5.082203985699535603e-02
4.304444912362073716e-02
5.012111313579001304e-02
4.515855194965621988e-02
4.184532525595868052e-02
5.114770119515537478e-02
4.812455032915665537e-02
5.035511482579241305e-02
4.612097825531124434e-02
4.900394377706888960e-02
4.826527484779864763e-02
4.022348865796971512e-02
4.924872895508983217e-02
4.305577178604021171e-02
4.791858570800246880e-02
4.266702704297171272e-02
4.608754944245375962e-02
4.567130680493797223e-02
4.177523258383815385e-02
4.486631942435369280e-02
4.193159316010702797e-02
4.422146684084477669e-02
3.849435635419623525e-02
3.690325269706012240e-02
4.132610030786580679e-02
3.620394349905756148e-02
3.852562846945001979e-02
3.786621817711607191e-02
3.730709432335458514e-02
3.591764189216523073e-02
3.391353064391889466e-02
3.557580532197739814e-02
3.016465103427218644e-02
2.923241849506908949e-02
3.217199732892409014e-02
2.855305874990083856e-02
2.984599896332422106e-02
2.814112950759246889e-02
2.724987422285983507e-02
2.641469307582362813e-02
2.465321030799452057e-02
2.549593989664370938e-02
2.420785225282866618e-02
2.469850095767240489e-02
2.160579659395408039e-02
2.221398531819994415e-02
2.293755736424422584e-02
2.094584712721920747e-02
2.238759947529849609e-02
2.070807121641032172e-02
2.118739725883458588e-02
1.975966344517940745e-02
1.821223291451839338e-02
2.012576286340896428e-02
1.721044687759568440e-02
1.740994140593874265e-02
1.888512256687551599e-02
1.762291529430498258e-02
1.836481926998078523e-02
1.717917476234190680e-02
1.700556060524335486e-02
1.723902312084482635e-02
1.663460861740545527e-02
1.633698434809364650e-02
1.726813853849489683e-02
1.600916631232992063e-02
1.725735505047635079e-02
1.536970547283028100e-02
1.549155888743982551e-02
1.666048898864995811e-02
1.573580489105983957e-02
1.632188746486768621e-02
1.633644517369272145e-02
1.624047213032768153e-02
1.563983184769480311e-02
1.493405255688111735e-02
1.631649572085841493e-02
1.566409469573652388e-02
1.572717810064500413e-02
1.605769200841336564e-02
1.664647045422585139e-02
1.558483605880022979e-02
1.527373242946524282e-02
1.609543421647827155e-02
1.500953697301092224e-02
1.540960437849889231e-02
1.645614189069855363e-02
1.595902309304369354e-02
1.590995822255932002e-02
1.503541734425542856e-02
1.590294895534726666e-02
1.518369030451040443e-02
1.518099443250576705e-02
1.635100288251775669e-02
1.538156730965068060e-02
1.604421264839018743e-02
1.450325221054029820e-02
1.613317642454317399e-02
1.514540892204457347e-02
1.483969703671885951e-02
1.642325225224199742e-02
1.529044683589398518e-02
1.621836597988966788e-02
1.477661363181038100e-02
1.613910734295337032e-02
1.581452435359520861e-02
1.557782679158817470e-02
1.684488663376705261e-02
1.563336175488367480e-02
1.682763305293738521e-02
1.491679897605144821e-02
1.712256145024455140e-02
1.643080069385497929e-02
1.508124716833423792e-02
1.805155894304209113e-02
1.593853446580845851e-02
1.882797008037723555e-02
1.647447382033008154e-02
1.764502144474299275e-02
1.914823967452798301e-02
1.645722023950041066e-02
1.830281421387415855e-02
1.845755726694026100e-02
1.866621776009907974e-02
1.882635255717445347e-02
1.855622618230993309e-02
1.944155054863236712e-02
2.042338713272076958e-02
1.976505518918867874e-02
2.016620094347850237e-02
2.134807123031088813e-02
2.034682436778910766e-02
1.965722030900324269e-02
2.202797014988006757e-02
2.197405270978734781e-02
2.148663905134917326e-02
2.299524902514343133e-02
2.295157589866832909e-02
2.334085981613776006e-02
2.125802910535604801e-02
2.433294071384377311e-02
2.398032065563739448e-02
2.290035433058024844e-02
2.611599045770996927e-02
2.568411176256729309e-02
2.669775963631039820e-02
2.365412014307645069e-02
2.726928450129321307e-02
2.537893905164250938e-02
2.646753216711449086e-02
2.837890541840135464e-02
2.807912445148584221e-02
3.002338734122926567e-02
2.414153380151462525e-02
2.821984897012783794e-02
2.585556922206213790e-02
2.403855149093753196e-02
2.811201408994240189e-02
2.570136534339696396e-02
2.868839152453355953e-02
2.439278907234669266e-02
2.564097781049311936e-02
2.590247739494280430e-02
2.163599036040600443e-02
2.779228367019257948e-02
2.439171072354483563e-02
2.877412025428098194e-02
2.503278908624725560e-02
2.544094410774913259e-02
2.764023648913111614e-02
2.266042172216765210e-02
2.752000059772435198e-02
2.139444022879062601e-02
2.620333671066017028e-02
1.984539217492682639e-02
2.130008470862836817e-02
2.452596514937570651e-02
2.085957922307086002e-02
2.221398531819994415e-02
1.835619247956594979e-02
2.137880417116373721e-02
1.467632719323792335e-02
1.624424635113417420e-02
1.975750674757570033e-02
1.547430530661015463e-02
1.672141569595473123e-02
1.761590602709292575e-02
1.840579652445124836e-02
1.829472659786025163e-02
1.725573752727356872e-02
2.282379156564858999e-02
1.536647042642471858e-02
2.170338716052190239e-02
2.592188767337618230e-02
3.140583050520655978e-02
4.297866984670761781e-02
5.489135081311308229e-01
6.809912869054564055e-01
1.185213168118133889e-02
1.542685795932856319e-02
7.279393586917899152e-03
3.032316830814477723e-03
2.150766685298533768e-03
