1.082390486983774779e-06
1.082390486983774779e-06
1.082390486983774779e-06
8.659123895870198231e-06
2.435378595713493432e-05
2.705976217459437222e-05
8.117928652378310990e-05
3.653067893570240013e-04
7.982629841505339569e-04
2.141509578497398630e-03
6.170708166294500314e-03
9.988840609129766290e-03
6.753034248291771464e-03
1.122655413099571398e-02
2.641898700629997584e-02
3.005365426159149062e-02
3.304213439615369396e-02
3.517173767929426820e-02
3.081403357869759441e-02
2.997951051323310273e-02
5.225618912584617526e-02
7.369996825872522639e-02
7.656938543971922306e-02
7.395595360889688219e-02
7.118178679075747028e-02
6.324028778775751813e-02
5.749225310663018396e-02
8.619237806424846771e-02
1.017593180480491216e-01
1.008133087624252938e-01
9.278846569192759908e-02
7.130842647773458221e-02
6.163726747653455046e-02
7.233832102609963344e-02
8.054500569841062385e-02
8.026033700033388674e-02
7.481374806983152881e-02
6.572924471257671208e-02
5.008761978517418251e-02
5.625399838952074849e-02
5.734613039088737318e-02
6.192518334607223507e-02
6.132012706384830369e-02
5.886851261083005105e-02
5.516511355961507129e-02
4.828381603861572197e-02
4.647297675389186478e-02
5.038744195006868848e-02
5.245047821825975926e-02
5.527930575599186019e-02
5.672646183708916767e-02
5.726711588533756059e-02
5.143140757476453995e-02
4.108808408114758559e-02
5.294350708508086673e-02
5.542380488600419375e-02
5.816549998953409600e-02
5.930850434378896058e-02
5.454923337252130106e-02
4.730262906216492480e-02
4.493057030993998641e-02
5.278601926922473625e-02
5.124036565381190345e-02
4.976236144383556353e-02
4.615908351266656551e-02
3.762335213231252085e-02
3.768288360909662765e-02
3.849413527909097132e-02
4.104641204739871430e-02
4.012150937627107644e-02
3.806442625575841288e-02
3.420408058393077655e-02
2.967481759114717205e-02
3.221085850215015672e-02
3.279643175560837537e-02
3.250256273839228355e-02
2.998329887993754841e-02
2.699048918342740813e-02
2.639733919656030159e-02
2.542318775827490454e-02
2.601687894038550580e-02
2.585181439112048049e-02
2.493448845340173053e-02
2.404746944931852523e-02
2.154931220535997657e-02
2.046746291361968909e-02
2.107306039108711171e-02
2.239628276142477739e-02
2.294343115259507571e-02
2.274589488872053727e-02
2.196062059041380826e-02
2.040360187488764881e-02
1.885632467374434226e-02
2.083709926492465295e-02
2.066554037273772224e-02
2.149519268101078573e-02
2.123433657364769481e-02
1.995657460376334957e-02
1.840713262164607802e-02
1.781722980623991551e-02
1.926438588733722299e-02
1.949006430387334107e-02
2.056325447171775470e-02
2.007834353354902290e-02
1.791248016909449334e-02
1.726088109593025902e-02
1.652323197905081545e-02
1.804290822277603359e-02
1.808133308506396086e-02
1.865121167646091940e-02
1.859925693308569355e-02
1.740808620216004882e-02
1.592358764926180698e-02
1.561889472717587282e-02
1.659954050838316833e-02
1.695618817384432486e-02
1.793088080737321316e-02
1.755691489412031930e-02
1.658005747961746254e-02
1.437414566714453022e-02
1.441906487235435769e-02
1.517727940848649128e-02
1.559670572219270385e-02
1.656273923182572175e-02
1.622665698561726391e-02
1.592250525877482101e-02
1.370198117472760588e-02
1.364190850270000609e-02
1.425291793260234641e-02
1.452730392105273417e-02
1.538131001528293337e-02
1.508906458379731357e-02
1.477679492830249325e-02
1.358724778310732573e-02
1.285068105671486813e-02
1.349740937268767253e-02
1.419392765106173258e-02
1.512315988413730217e-02
1.505442808821383198e-02
1.442122965332832442e-02
1.331665016136138364e-02
1.267641618831047944e-02
1.292861317177769996e-02
1.331394418514392393e-02
1.426103586125472555e-02
1.411491314551191478e-02
1.375393591810282652e-02
1.268507531220634983e-02
1.284148073757550475e-02
1.319704601254967531e-02
1.292103643836881206e-02
1.375285352761584402e-02
1.391304731968944115e-02
1.348279710111339146e-02
1.227539051288299016e-02
1.278357284652187342e-02
1.330690864697852728e-02
1.334262753304899310e-02
1.349037383452227762e-02
1.361809591198636336e-02
1.338375837155437488e-02
1.276571340348664138e-02
1.357371790202002888e-02
1.442718280100673510e-02
1.479681915231169376e-02
1.474865277564091706e-02
1.433896797631755739e-02
1.400450931583957156e-02
1.364894404086540100e-02
1.502357995933479608e-02
1.589219832513927289e-02
1.663850656591458685e-02
1.705630929389032741e-02
1.672888617157773303e-02
1.605996885062176138e-02
1.534937949591691150e-02
1.487583365786150982e-02
1.669208489502028298e-02
1.750658373647557414e-02
1.810893404248204580e-02
1.872427303433232132e-02
1.790760941190306169e-02
1.706496841778619433e-02
1.674403963839550535e-02
1.869180131972280820e-02
1.892722125064177918e-02
1.985104153128243107e-02
2.124624286900451964e-02
2.035814147443433184e-02
1.888067845970147624e-02
1.820743157679756766e-02
2.027966816412800355e-02
1.980720471655958784e-02
2.226260753628228270e-02
2.308684789212042676e-02
2.207427159154710591e-02
2.080516874555863108e-02
1.884766554984847187e-02
1.985645348371735050e-02
2.154335905768156242e-02
2.393868920537665576e-02
2.421415758431402776e-02
2.425853559428036224e-02
2.190595987082112964e-02
1.860304529979013924e-02
2.013787501033312971e-02
2.526786472339273212e-02
2.722103835715495440e-02
2.699373635488836257e-02
2.632860740063683314e-02
2.282653298000082709e-02
1.756936238472063191e-02
2.138100048463399683e-02
2.569432657526433961e-02
2.775898642918589107e-02
2.689686240630331446e-02
2.586317949123380713e-02
2.211432003956550346e-02
1.430595506646455302e-02
2.343375404319872346e-02
2.778604619136048476e-02
2.862544001401640115e-02
2.838406693541901948e-02
2.636270270097682000e-02
2.126410231203974821e-02
1.190900133303898246e-02
2.321998192201943020e-02
2.524784049938353162e-02
2.448421401081648033e-02
2.323080582688926560e-02
2.156987762461266486e-02
1.700056618381065934e-02
1.103064145285164929e-02
1.851212449888350181e-02
2.073643694963515915e-02
2.073427216866119069e-02
2.273615337433768091e-02
2.132255139833687252e-02
1.708174547033444388e-02
1.064964000143336226e-02
2.104112987172108984e-02
2.458812349756692162e-02
2.545511827764092641e-02
2.556498091206978185e-02
2.888737851186647804e-02
3.495580077714100647e-02
2.065092810116344116e-02
6.419062663532928426e-01
5.662801842229798766e-01
1.076707936927110039e-02
1.747519441235304482e-03
6.597170018166107581e-04
3.101048745208515251e-04
1.910419209526362846e-04
1.006623152894910682e-04
