3.950503465921638982e-05
2.387666929952638793e-05
2.561315433949194520e-05
3.472970079931111156e-05
5.079218741899250701e-05
7.770770553845862271e-05
4.046010143119744412e-04
4.160184034497479456e-03
6.255687356475913251e-03
9.819822901005216802e-04
1.288602136032439630e-02
1.537049733125511568e-02
1.708571042948109353e-02
1.948292802715354335e-02
2.002123838954286347e-02
3.467066030795228071e-02
1.994005771392447224e-02
4.857686662925644189e-02
5.387661897123131871e-02
6.169601110619622047e-02
7.031201575324531883e-02
4.749416820683791812e-02
8.053513730478252530e-02
5.767344351111600848e-02
8.597597905625460613e-02
7.943594227448433354e-02
7.254947672724093577e-02
8.346111459712449165e-02
5.395215607046982553e-02
7.964605696432015824e-02
6.316551157126706895e-02
6.987268503813402754e-02
6.774288613661627600e-02
5.598601417352948306e-02
6.682819264181441565e-02
4.865066724345498000e-02
6.198036053149057201e-02
6.061374680503767848e-02
6.150239302424005683e-02
6.741642694910274236e-02
6.194215786061133683e-02
6.803591798711046412e-02
6.428901739212478095e-02
6.664195462127811553e-02
6.633806973928413342e-02
6.396820178099114906e-02
6.170946886525594671e-02
5.837194461844214671e-02
5.680476686987323554e-02
5.232246486046214506e-02
5.087640694343083247e-02
4.631683134974127342e-02
4.592221512440910342e-02
4.107742186290519459e-02
4.118204508656312518e-02
3.843579399585760059e-02
3.666805222517265789e-02
3.610282634466387142e-02
3.420658468102148742e-02
3.416100194872238871e-02
3.225217076854025589e-02
3.159664766595326330e-02
3.072406393337056424e-02
2.808287018758295547e-02
2.916730509504144447e-02
2.586494467028694830e-02
2.742170350861607153e-02
2.441845263199564353e-02
2.579678763246830153e-02
2.419357781932010218e-02
2.335876263635666000e-02
2.338654639699611071e-02
2.195090739020458953e-02
2.182457810354709524e-02
2.033337157547667265e-02
2.079397423232753547e-02
2.016927373919992841e-02
1.887342177812563124e-02
1.931883019087679912e-02
1.752287053829242394e-02
1.847012312759363159e-02
1.680657045930663077e-02
1.756063908791167041e-02
1.640110120247467024e-02
1.600952382596244200e-02
1.570737542900843206e-02
1.538612569661480453e-02
1.478964308538663688e-02
1.434466879389546291e-02
1.402038021268189535e-02
1.382545976694576212e-02
1.444191195613353518e-02
1.268806206576832477e-02
1.388970971342448624e-02
1.209071121202017277e-02
1.351506306605191991e-02
1.145776241495272824e-02
1.305228980290109794e-02
1.185454924658485738e-02
1.239112312393421227e-02
1.190794616156379618e-02
1.206987339154058474e-02
1.153199715041125333e-02
1.148424381181220241e-02
1.148988738819209030e-02
1.170651389692779244e-02
1.059733407764979450e-02
1.176208141820669038e-02
1.041239842089346224e-02
1.162663558508937774e-02
1.034814847441473638e-02
1.113738092507908159e-02
1.048576491383200644e-02
1.027782083029613221e-02
1.017363172789819900e-02
1.010938178141947315e-02
1.009418753731977474e-02
9.701307797027568236e-03
9.958307582942469913e-03
1.024656409957675103e-02
9.101352215719468383e-03
9.785093200205905589e-03
8.855205461304350295e-03
9.568900812730193883e-03
8.615136404529112266e-03
9.459936376472355413e-03
9.279776053575928413e-03
8.446697355652453207e-03
9.112205247219251972e-03
8.290413702055554265e-03
8.962433412522223530e-03
8.003459549201246206e-03
8.883857464463781883e-03
8.766210603006115501e-03
7.993908881481433942e-03
8.796599091205514059e-03
7.719110123906886868e-03
8.792257878605599236e-03
7.509429555331045662e-03
8.735822114806718677e-03
8.141075988618516265e-03
7.640534175848444354e-03
8.247435697316406883e-03
7.616657506548918898e-03
8.467969297392031677e-03
7.366169539533886854e-03
8.556964155690266471e-03
8.148021928778377207e-03
7.639231812068469560e-03
8.327314009154821589e-03
7.580191320709642015e-03
8.614268162009129648e-03
7.253732133196117045e-03
8.645959013988501266e-03
8.226597876836820589e-03
7.710427698707058089e-03
8.345547102074460030e-03
7.444311366332337192e-03
8.336864676874632119e-03
7.337951657634446574e-03
8.569987793490009206e-03
8.431937232812746971e-03
7.601463262449219618e-03
8.667230955728079736e-03
7.564997076609943603e-03
9.109166398399311942e-03
7.627076416788711177e-03
9.403066491413482678e-03
8.790955514825624442e-03
8.324709281594873736e-03
8.810490971525237677e-03
8.773156543165978177e-03
8.833499398304781383e-03
9.131740703918865207e-03
9.031458692860854648e-03
9.443873889852674383e-03
1.031341877361542474e-02
8.517024999771059118e-03
1.073364815328709150e-02
8.578670218689835383e-03
1.129843991253588753e-02
8.782273089625796531e-03
1.176946147962654350e-02
1.058648104615000918e-02
1.062294723198928606e-02
1.147382490157240927e-02
1.074884239738678991e-02
1.187886003714437415e-02
1.104144012662098585e-02
1.246058252553283556e-02
1.282915147526552356e-02
1.154979612207090132e-02
1.338178783923456294e-02
1.216103885613877694e-02
1.341434693373391718e-02
1.258213647833042459e-02
1.409418082688043174e-02
1.440674813407423309e-02
1.352678434007168785e-02
1.489079333896463006e-02
1.397002214652289312e-02
1.445406735141329356e-02
1.415148483319929665e-02
1.487950618620485430e-02
1.561143463055033806e-02
1.502102971696204700e-02
1.631992052685628247e-02
1.550464080059245353e-02
1.626478712683737671e-02
1.628519082605697083e-02
1.724546705315792294e-02
1.817275006449952865e-02
1.733576427523613253e-02
1.773993116828811306e-02
1.818273485347933136e-02
1.928713933889742577e-02
1.931405485701689212e-02
2.016015719274010659e-02
2.137439435693602383e-02
2.169998530192956618e-02
2.139306157111565271e-02
2.198216412092396724e-02
2.231253039977741659e-02
2.193788375240484506e-02
2.451352518793375665e-02
2.351938750255347724e-02
2.402123167910352047e-02
2.511782198184177306e-02
2.443017390601541147e-02
2.835940543019746865e-02
2.639674321377639965e-02
3.079091860740923794e-02
2.856474478617340024e-02
2.441454554065572088e-02
3.061553361837272141e-02
2.740650926451637312e-02
3.010413877410286071e-02
2.673883076664961694e-02
2.146295509397426818e-02
3.227952040791971094e-02
1.366309841570898138e-02
4.756753469977646059e-02
7.730397276666661766e-03
8.889418557804272814e-01
6.351628154934011589e-03
4.893414842622935412e-02
2.561315433949194493e-03
7.631851750648616876e-04
1.507703135950093625e-03
3.928797402922069339e-04
4.124151969918194642e-04
1.241586803575372077e-04
1.319728630373822307e-04
4.862158111903555619e-05
3.429557953931972817e-05
