4.041560155435416912e-01
2.008315448261840386e-01
1.830717456353946337e-01
1.411579703188830803e-01
1.943142113557716211e-01
1.732376986160538979e-01
1.711837956044899023e-01
1.645687975514411039e-01
1.577316219277396792e-01
1.536993095044082158e-01
1.442144788519080512e-01
1.453613360845043834e-01
1.431005038997683054e-01
1.388980736186549991e-01
1.355826697480379261e-01
1.370376755775731537e-01
1.294699333273403308e-01
1.423423872544760382e-01
1.421432693769458522e-01
1.363074831448450042e-01
1.353797163840248785e-01
1.230544741198503350e-01
1.362534589145073249e-01
1.374447048870088006e-01
1.251825610528995991e-01
1.268489863812453655e-01
1.206691757213233795e-01
1.093035534654667185e-01
1.093804035177998318e-01
1.094546342135105238e-01
1.020745969298101768e-01
1.076801136502640865e-01
1.022935470789101825e-01
9.937291767067382708e-02
9.949097581558484504e-02
7.491930585703569789e-02
8.831773594880068523e-02
8.020460623039735171e-02
8.046439027827206880e-02
7.977021399910236288e-02
7.806791283987438157e-02
7.483997677075633626e-02
7.866302130964569761e-02
6.935396819620086306e-02
7.901995542367737380e-02
6.698433916318309589e-02
7.697765242001272656e-02
6.644961621840389521e-02
7.212431201822522286e-02
6.189235666340193315e-02
6.572040604440916589e-02
6.384260799147828402e-02
5.914554027675405362e-02
6.277241371431346861e-02
5.914773866534787927e-02
5.771579252893514062e-02
6.270753786368289673e-02
5.157438350806702043e-02
6.148701122608069003e-02
5.680626771602124980e-02
5.725095027690437627e-02
5.963554706205032030e-02
4.706193366099879760e-02
5.786729424500754865e-02
4.857447178777670599e-02
5.365050427669627170e-02
5.528937958628109273e-02
4.798216977152941487e-02
5.607874141414093822e-02
4.279425333545170546e-02
5.346761705538007753e-02
4.793904393571009337e-02
4.234933690344157980e-02
4.620755565983216545e-02
3.453434609774142655e-02
4.067837447523197508e-02
3.216153641739642050e-02
3.375148588721225279e-02
3.041610942234912116e-02
2.410289867158474375e-02
2.568297877984106192e-02
2.014631371917677966e-02
2.093656425731924009e-02
1.784534924904703640e-02
1.665966940936823917e-02
1.493374726631297757e-02
1.265228764817526511e-02
1.233188420418143000e-02
1.111103014700141542e-02
1.066218468005764204e-02
9.579735555837883346e-03
9.320185379090175845e-03
8.422868639005834379e-03
8.480962226953327535e-03
7.786973044685220786e-03
7.820931132326026589e-03
7.319604984482826378e-03
7.380832445532158406e-03
6.964354742565573124e-03
7.024880590233898055e-03
6.616494828261609146e-03
6.695683591864756874e-03
6.326073662749532103e-03
6.434168897650226378e-03
6.001554086920446625e-03
6.165965489203415438e-03
5.689803874625714089e-03
5.882466909050621494e-03
5.430861762808214532e-03
5.607247366793726567e-03
5.299613286334243535e-03
5.401768194609067077e-03
5.138476079829314494e-03
5.189413211290524498e-03
4.957927569783152945e-03
5.099419601619847690e-03
4.814751665832039604e-03
5.044693757901191726e-03
4.635325737195491319e-03
4.949321112309450384e-03
4.398694930894058754e-03
4.777519382413194030e-03
4.192186725750586020e-03
4.611657979142807541e-03
4.101117308895695958e-03
4.437611086427324658e-03
3.981609162997265527e-03
4.228623847337622740e-03
3.782584833917882958e-03
4.039141460239954219e-03
3.680570248319261616e-03
3.779450960816045386e-03
3.630241181788259122e-03
3.572428239193166898e-03
3.513913683217066274e-03
3.405724899865571111e-03
3.394171666191633189e-03
3.394779731121840265e-03
3.365218420668686199e-03
3.392066826048607993e-03
3.316479677801302713e-03
3.379765204768260360e-03
3.195521530915455041e-03
3.260724801123835240e-03
3.198795726693493945e-03
3.229666715457863921e-03
3.188598945556171942e-03
3.201976374020731961e-03
3.134294069866121711e-03
3.049960141468912103e-03
2.918243922740935362e-03
2.871610020016577072e-03
2.925306830776419793e-03
2.777780923863053860e-03
2.865622919165305461e-03
2.776751890904241918e-03
2.851029360840330856e-03
2.797379324305888579e-03
2.851122909291132178e-03
2.984289129006526160e-03
2.861834206907860369e-03
3.142245688184216752e-03
2.814218045450090147e-03
3.066752088387713227e-03
2.642322767103032471e-03
2.893734228631042286e-03
2.686664732782763354e-03
2.764824463427099140e-03
2.716226043235916987e-03
2.405364541223795494e-03
2.663371168533283997e-03
2.085615936385567908e-03
2.518137198664545471e-03
2.129817579389097024e-03
2.200586982420143969e-03
2.039309453239013595e-03
1.943702936520268947e-03
1.748560868149132792e-03
1.640044665219833652e-03
1.534896206519374738e-03
1.460104220103879396e-03
1.446539694737716949e-03
1.338538008287824214e-03
1.356031568587633520e-03
1.308415407129863515e-03
1.328200904474300444e-03
1.281613775975342599e-03
1.283858938794569561e-03
1.280958936819734861e-03
1.244287944105695702e-03
1.212621793509516873e-03
1.167999182477382457e-03
1.135491095823993463e-03
1.094844293950906784e-03
1.087687837464621247e-03
1.050782973623579433e-03
1.028097474304307804e-03
1.004523264702425565e-03
9.772538912938991216e-04
9.709393708648235335e-04
9.533990363396134581e-04
9.355312822365996223e-04
9.092441675614848940e-04
9.018538399481964857e-04
8.887102826106390132e-04
8.743973696380677235e-04
8.824893106323646388e-04
8.622360710339221825e-04
8.678957523073899246e-04
8.472215446803423857e-04
8.483441260899558670e-04
8.283247576185161741e-04
8.542376784904264810e-04
8.248166907134741807e-04
8.491860621471659237e-04
8.417957345338774071e-04
8.507763858107849318e-04
8.407199273496645869e-04
8.536296135602191876e-04
8.374457315716253569e-04
8.847344734515916014e-04
8.342650842443873407e-04
8.995151286781684179e-04
8.429183159434908883e-04
9.309941823727453615e-04
8.613005865259110204e-04
9.491893560535631744e-04
8.598038113130930093e-04
9.926893856760838925e-04
8.650425245579556688e-04
1.024074890919859622e-03
8.896925413440508364e-04
1.072813633787243108e-03
8.927328659950871945e-04
1.097697521700341039e-03
8.784667272479164575e-04
1.142507229634077449e-03
9.081683603772720739e-04
1.151534655136385527e-03
8.865118940168128202e-04
1.168747570083791517e-03
8.990941606495634437e-04
1.195081458984306689e-03
8.602715535670986445e-04
1.163789502191332065e-03
8.347328264983928676e-04
1.136613677233606727e-03
7.643376172705501279e-04
1.062757175326122655e-03
6.948778925507186587e-04
9.487216137995575392e-04
5.874842710310329997e-04
7.678456841755921213e-04
6.728940066124554278e-04
4.181148008556054394e-04
