5.380800599164564787e-04
6.038895110583388003e-04
1.888777054814576610e-03
4.079040794732741344e-03
9.899894382739311827e-03
1.416101817164071644e-02
2.964639428870861210e-02
3.647882006654110110e-02
2.165642454543156153e-02
5.656917817198028886e-02
3.036953480056001770e-02
4.517131715251838930e-02
8.689160806377632662e-02
7.617230203474256722e-02
6.088924035563984816e-02
7.153884333491429548e-02
1.132181369430826784e-01
8.988952630906570096e-02
8.183267828365374530e-02
9.448786627626605539e-02
6.577692814166588575e-02
8.581437911295040910e-02
9.743646560573447635e-02
6.676017631017666654e-02
1.091988743388883493e-01
7.621604776038561069e-02
9.416630083750780755e-02
1.012686064410787540e-01
9.054960579232870788e-02
9.507442545622322994e-02
8.120687773723841985e-02
8.714118010064735020e-02
7.383133312480806565e-02
6.891180944420412235e-02
8.469577113368026433e-02
6.430392634313748801e-02
6.708189443907677796e-02
7.697644466685096831e-02
7.166870630056665359e-02
7.060781519491980684e-02
6.399068251711063915e-02
7.574270832061799630e-02
6.967182462531484877e-02
6.951119459607757456e-02
7.968112149469722127e-02
7.149937293324334919e-02
8.336301523045075434e-02
6.304980586296614342e-02
7.672893394689507540e-02
7.327103664925091464e-02
8.010308070172875161e-02
8.867479988549437087e-02
8.640261788446802760e-02
8.236640667452717335e-02
6.993277207775445981e-02
7.008439338862194889e-02
8.015934701900434556e-02
6.179713593914248210e-02
7.838203376774795228e-02
7.584233863818200250e-02
7.743863772626276287e-02
8.185527642464909825e-02
7.797916082844896790e-02
9.211857334501642736e-02
8.395239917803233587e-02
8.561504213275149267e-02
8.036349373867185397e-02
9.319954320431796113e-02
8.916195778310034847e-02
8.890749966168978724e-02
9.434151277529274904e-02
9.239364463557814267e-02
9.058212879254499972e-02
9.527834314067794297e-02
8.828284429133842481e-02
8.859868384977689915e-02
8.824123622768144382e-02
9.421203153499502214e-02
9.952816785908166763e-02
9.310846353469816317e-02
1.034972717516748353e-01
9.908032767300477273e-02
9.582963089786532274e-02
8.856303070165245928e-02
9.995478411543995412e-02
9.806364036342653245e-02
9.012329491625414857e-02
9.666095237522490113e-02
9.400437294206472061e-02
9.079658209678807823e-02
9.161591739801161483e-02
8.906759527543053889e-02
8.558763425228753385e-02
7.506926844994220305e-02
8.666753528059603640e-02
8.302076027747040676e-02
8.271980800786332688e-02
8.345149916765892684e-02
7.464127798230717203e-02
8.236258942098065305e-02
8.326338491288676202e-02
8.102616895434648636e-02
7.674114915824391259e-02
8.717973436146712884e-02
8.698352752917636044e-02
7.895927884905162841e-02
8.326017841990769608e-02
7.996428536277754018e-02
7.713379185803823090e-02
7.924152657628079355e-02
8.731570493279391942e-02
8.429694448314059563e-02
7.910532696974120759e-02
8.498030921303732776e-02
7.929489178086103485e-02
7.162144870166084476e-02
8.464187151360350048e-02
8.155363704940364611e-02
8.557404482966193826e-02
7.675939563019625045e-02
7.585791303265176921e-02
8.377115597964390759e-02
6.961830673059273000e-02
6.528473146937852079e-02
7.935176885870406926e-02
6.792176656438053683e-02
7.565071251014704456e-02
6.292902796075447447e-02
6.580861134610194174e-02
7.248346089753437971e-02
6.023687172454079974e-02
6.748881366713505026e-02
6.251378711996480320e-02
6.673238670435806263e-02
5.954320041006847669e-02
5.501135699964837533e-02
6.437515629431542208e-02
5.649657400952561720e-02
6.139288878856676707e-02
6.172132528370872367e-02
6.378539062137916771e-02
5.855079083304606108e-02
5.427645934687371637e-02
6.860871951261099388e-02
5.023994275664912801e-02
6.518868937014825338e-02
7.172375109670738047e-02
7.188575533722138533e-02
7.106871038812577479e-02
6.337534124541277514e-02
7.370742507468826255e-02
4.558884834543597275e-02
6.493598718536908176e-02
7.593723556134829300e-02
7.545420029757256286e-02
7.558910203790633608e-02
7.035221189744529646e-02
7.520852185931899136e-02
4.071665860880877702e-02
6.417589565918745131e-02
7.383599017413482180e-02
7.279235305451819960e-02
7.143631190465496439e-02
6.527595178622153105e-02
6.491964934019001099e-02
3.212302838968617708e-02
5.319793252984196530e-02
5.612110895069061245e-02
5.094552390218656801e-02
4.713926404588764107e-02
4.070963486228319772e-02
3.847852650941734065e-02
2.343144744456005305e-02
3.205485224134545924e-02
3.135721098318475925e-02
2.791420097437199987e-02
2.560331202238402826e-02
2.230398343706200756e-02
2.098290832968482955e-02
1.826448938907114170e-02
1.889555774538064989e-02
1.856009750371309663e-02
1.767739579361745847e-02
1.741385260876621155e-02
1.625691940388908352e-02
1.594260674686921384e-02
1.573006206939937465e-02
1.555538454711094358e-02
1.493019476126306207e-02
1.420277892543956796e-02
1.461443154789551606e-02
1.341703545542535618e-02
1.261625200643788289e-02
1.296614146651125371e-02
1.228323480704009672e-02
1.229873285643894032e-02
1.194578959352835847e-02
1.173362664141317305e-02
1.177218090223295169e-02
1.083725916362101617e-02
1.111805633450250498e-02
1.133418923030606387e-02
1.066868924700700716e-02
1.114813629244902453e-02
1.060425400714187089e-02
1.043820347786855902e-02
1.046255755549531201e-02
1.048981274581741417e-02
1.015481057457544301e-02
1.039712982970808150e-02
1.040865793541854989e-02
1.071541243041632639e-02
1.010259054605914739e-02
1.014496206042543938e-02
1.049011812610113441e-02
9.916003192705595895e-03
9.592987197599676941e-03
1.018305825081963767e-02
9.464956513649635042e-03
9.675210838991563783e-03
9.234623434653045290e-03
9.147590053792552592e-03
9.419683886587990398e-03
8.825795579821514580e-03
8.743648283500559532e-03
8.979859932958775964e-03
8.080896722754990144e-03
8.627527430615636317e-03
7.803840460349086364e-03
8.025928271685205465e-03
7.830637580245606438e-03
7.579080571530406527e-03
7.346915210831492758e-03
6.795398418431310671e-03
7.002827976148822027e-03
6.612857353837064446e-03
6.607284163659156266e-03
6.315111577209060051e-03
6.355650809873026295e-03
6.207006956771814708e-03
5.938272307097307301e-03
6.412375197574207535e-03
6.259837745855553401e-03
6.601405593197526116e-03
6.625454290540557130e-03
6.871056383723197700e-03
6.709662903776631576e-03
6.805781348077826441e-03
7.740168671193250680e-03
7.608091698483905249e-03
8.576757958447015287e-03
8.302297428452738715e-03
8.402004091087654156e-03
7.979281433346818025e-03
7.195446590105861184e-03
