5.805336341874842709e-01
2.119189245438650171e-01
2.018434521800070991e-01
2.247646926303719372e-01
2.780925119763951736e-01
2.437999482414550945e-01
1.731062258316440616e-01
1.813688433740871242e-01
2.101558699393272500e-01
1.802113056494189236e-01
1.523997884299170269e-01
1.777329422326010822e-01
1.994437835586741481e-01
1.805061871435058862e-01
1.654173187337038553e-01
1.545239879355558843e-01
1.253358344360248067e-01
1.039244663781585531e-01
1.091850715966363461e-01
9.619595056199753413e-02
7.141623620099456227e-02
5.452145662820277738e-02
5.186856846333372240e-02
4.790788329873636037e-02
3.770578249736189491e-02
2.903916349536585575e-02
2.861462971251273885e-02
2.733509265594481069e-02
2.399075050532080075e-02
2.255001604509830268e-02
2.203088424907689857e-02
2.151660554765371172e-02
2.086517092658557448e-02
2.089384151621195493e-02
2.131900993451252627e-02
1.954852636208975411e-02
1.857279302737010335e-02
1.667250784019352547e-02
1.456499551367314987e-02
1.366116264200090656e-02
1.096623921161192679e-02
8.585012349752207603e-03
7.664417635967666308e-03
7.266837193883103098e-03
7.250523329733716930e-03
7.224129961418807554e-03
6.958889675877885130e-03
6.964900046880290012e-03
7.217522286465853296e-03
7.418888380794880222e-03
7.478693438843657393e-03
7.635560388856740648e-03
7.883105544862632069e-03
7.798176389393863921e-03
7.610697611915114534e-03
7.557537560316201879e-03
7.255115103853566720e-03
7.424488105331282679e-03
7.249030069857343057e-03
6.999879659484349592e-03
6.620852971363731625e-03
6.274006033578972442e-03
6.163654128714937327e-03
5.830022540836086661e-03
6.049905057632152042e-03
5.921260719282535681e-03
5.861604987221396071e-03
5.417621494478512024e-03
5.541002091763909572e-03
5.549662999046878556e-03
5.635637436429108763e-03
5.971844897594703883e-03
6.017202666339561794e-03
5.854213350833345486e-03
5.284161393027589533e-03
5.866570076310339762e-03
5.996857000523967557e-03
6.203038857954299747e-03
6.344711888725278540e-03
5.968746383351227099e-03
5.513040800578806674e-03
4.930221470830054020e-03
5.492807129253940608e-03
5.209199747233617291e-03
5.015523941267916071e-03
5.079622121461267910e-03
5.087163083836956055e-03
4.941644908884315276e-03
4.415233470965587888e-03
4.706307152367779703e-03
4.674724705982471161e-03
4.576169554141790337e-03
4.525884027804898124e-03
4.430726042182967471e-03
4.184487488568902971e-03
3.967031519071946219e-03
3.771302480776231141e-03
3.618392669435538476e-03
3.462085691876095640e-03
3.368943607087269889e-03
3.258405044738688257e-03
3.287859595800164594e-03
3.249221496498988677e-03
3.237872721438546635e-03
3.181240840627064595e-03
3.082984340761658459e-03
3.029637631678198852e-03
3.003804235816929895e-03
3.066110504158633173e-03
3.024037907141796395e-03
2.981144017192955201e-03
2.977560193489657645e-03
2.999772434150720091e-03
2.970392546083062534e-03
2.938660773710116431e-03
2.963075572688829862e-03
3.005148169705666641e-03
2.890652468684693551e-03
2.823194453769500064e-03
2.862243199536679272e-03
2.809120479434675573e-03
2.732590910770510678e-03
2.825210354602605400e-03
2.842233517193268246e-03
2.784444359977595977e-03
2.698320596607729077e-03
2.658375894914725805e-03
2.613764756108053530e-03
2.649416335656481700e-03
2.627764067449059673e-03
2.662333033587116395e-03
2.588080686234422133e-03
2.609396970969660081e-03
2.542312271023560062e-03
2.543842862396843759e-03
2.497701132216888654e-03
2.388991813216864973e-03
2.400489914264944142e-03
2.373835225471669468e-03
2.403289776533145371e-03
2.382682790239184969e-03
2.367526202493989464e-03
2.237388604267999664e-03
2.273226841300974351e-03
2.231564890750141299e-03
2.181727342376160467e-03
2.145702447858639263e-03
2.174895678441749868e-03
2.179300795077053141e-03
2.173626407546831903e-03
2.145739779355548219e-03
2.068388917759377606e-03
2.090153180457528237e-03
2.019932634771043345e-03
1.980846557506955180e-03
1.894312147671084554e-03
1.914471156002132708e-03
1.932763589487713736e-03
1.893266865757622496e-03
1.863550994217781078e-03
1.768728992068035154e-03
1.738229159093097193e-03
1.704556148880864751e-03
1.593569608569370653e-03
1.544963999593398614e-03
1.539625595535361888e-03
1.526223588144905770e-03
1.562957781103704955e-03
1.587783226548421679e-03
1.571133378926852084e-03
1.552504961969087193e-03
1.518682625769217191e-03
1.473698171993451881e-03
1.446968820206358209e-03
1.400229786075853512e-03
1.372081837406204530e-03
1.332547782179204334e-03
1.406688135041170643e-03
1.399595150628394529e-03
1.329374604941909420e-03
1.357447890617740054e-03
1.322020300050767792e-03
1.290848500131461457e-03
1.283382200749591875e-03
1.288795267801447599e-03
1.217790760679866163e-03
1.250903798438458402e-03
1.204612742270865953e-03
1.116659735552440235e-03
1.062753054015340643e-03
1.007502438589504522e-03
9.669231014490423754e-04
9.083126513013648233e-04
8.807246750853560445e-04
8.016565646313554344e-04
8.182690807560156392e-04
8.071816261739391115e-04
7.763458097268168554e-04
7.565601163648620620e-04
7.370730749781819564e-04
7.100077397189042067e-04
6.485227643092067538e-04
5.506022479159849124e-04
4.694809051319700642e-04
4.266990096738563902e-04
3.668939516250796528e-04
3.188483151027478161e-04
3.111206952425126112e-04
2.922682893032914884e-04
2.842793489646908232e-04
2.612458153716226607e-04
2.257062303139226612e-04
2.050619125230527878e-04
1.728074991933754390e-04
1.308842281641767907e-04
9.370205724246541152e-05
7.417768435887599709e-05
5.995438403641411516e-05
5.360802956182482952e-05
3.983270720227513525e-05
2.874525262019854999e-05
1.971103036813614856e-05
1.691116809993499094e-05
1.384998535336839165e-05
1.082613410371114189e-05
8.436918301512820703e-06
8.586244289150215460e-06
7.204978903504312265e-06
6.868995431320173215e-06
4.591774119849898091e-06
2.874525262019854999e-06
2.090563826923530831e-06
6.346354474589289872e-07
1.007950416552416726e-06
2.986519752747901490e-07
2.239889814560926117e-07
3.733149690934876862e-08
2.239889814560926117e-07
7.466299381869753725e-08
3.733149690934876862e-08
7.466299381869753725e-08
0.000000000000000000e+00
0.000000000000000000e+00
0.000000000000000000e+00
0.000000000000000000e+00
0.000000000000000000e+00
0.000000000000000000e+00
0.000000000000000000e+00
0.000000000000000000e+00
0.000000000000000000e+00
0.000000000000000000e+00
0.000000000000000000e+00
0.000000000000000000e+00
0.000000000000000000e+00
0.000000000000000000e+00
