1.959027611874453189e-04
1.484476399172009718e-04
1.390234538621242888e-04
4.692709949836416320e-04
1.318717665721015489e-03
3.062058409512259487e-03
5.046284022399222940e-03
6.028538194494308632e-03
1.402105002758701272e-02
7.331147854263030637e-03
1.831760997211534514e-02
2.786477831330084337e-02
3.269624436420349306e-02
4.342029971289104728e-02
5.205205208095364106e-02
8.210304104443535977e-02
5.607089930875258643e-02
6.033383963919791010e-02
1.234028988949341515e-01
1.151976410745130103e-01
1.604331325950903997e-01
1.884296489985654022e-01
2.254787310708318004e-01
1.818263022929103856e-01
1.353230906524277577e-01
2.456696152455402904e-01
1.602715846681746492e-01
2.523936717385390494e-01
2.011277037156971870e-01
2.182078712720416647e-01
1.912583084172668202e-01
1.450932980635834257e-01
1.798349918309323503e-01
1.113664755094279368e-01
1.669694405871763043e-01
8.239986948607079531e-02
1.329104321841291514e-01
1.523555357347061157e-01
1.366130678925907282e-01
1.342949854758377637e-01
1.229621678109116267e-01
1.390524616404782143e-01
8.796414955050436968e-02
7.786469717121179135e-02
1.448816883256374699e-01
1.021237551645606950e-01
1.125925554313735172e-01
1.175435281820384203e-01
1.185438955060549721e-01
1.130581503254136783e-01
9.208298672396568463e-02
1.136267428840699867e-01
7.238697257444717814e-02
6.938613795519342486e-02
1.092261827019409548e-01
7.267852079836380208e-02
8.231097468143780405e-02
1.071562036797726880e-01
9.316228996096836967e-02
1.017243300875029788e-01
9.106818234897114117e-02
9.431932602337568528e-02
7.990733937000044085e-02
6.919050254680186862e-02
8.818531715090330292e-02
5.081507753257558796e-02
8.179398121238801167e-02
5.116838425234251225e-02
6.146454145121019869e-02
7.644017463651782418e-02
6.811982143746658780e-02
7.180775274215429882e-02
6.653903119357568174e-02
6.745391246110682415e-02
5.045535434570734556e-02
4.379546252372186477e-02
5.979004405236029718e-02
3.785902736741121599e-02
4.072926014587333748e-02
4.749629360081120133e-02
3.942885614667069466e-02
3.911665491927166644e-02
3.275980749142603371e-02
3.450889632032888565e-02
2.735507020793903621e-02
2.530200125011073178e-02
3.076435306111174189e-02
2.287156382088552722e-02
2.826721110931230962e-02
2.041639625804061650e-02
2.384372542493581534e-02
2.539838193302861036e-02
2.207044116800503664e-02
2.466008718718196158e-02
2.112080403700836856e-02
2.242755766511336790e-02
1.814075609763497049e-02
1.788616939774995487e-02
2.086220704518502653e-02
1.538053899468105369e-02
1.838658699345463443e-02
1.983483708878372095e-02
1.979874446133874852e-02
1.815880241135745671e-02
1.584673543251197483e-02
1.855134315392104050e-02
1.353520315925827236e-02
1.324358809714266949e-02
1.627744078668867320e-02
1.244787933837892581e-02
1.439307144306613967e-02
1.018921608051221242e-02
9.993781186717570417e-03
1.095551603172819841e-02
8.737757751632456438e-03
8.236471259341140994e-03
8.986997395599697139e-03
7.549909279498959180e-03
8.264743817506371368e-03
7.363898571759395703e-03
6.963738274512983224e-03
7.715534336552008939e-03
6.629614117851079409e-03
6.649799253940677154e-03
7.405137740525227948e-03
6.140893206966534755e-03
7.393775246699957338e-03
6.112420134204388407e-03
7.075358066796515709e-03
7.008252515028451715e-03
6.880324202195709123e-03
7.761786370240754407e-03
7.102895404773052444e-03
7.819801926948602433e-03
6.564647388450126075e-03
6.600740015895100246e-03
7.705374930308238508e-03
6.547068942120443796e-03
7.488351298245586075e-03
7.124149952046203785e-03
7.655914663068828785e-03
6.936267774735420215e-03
6.912807566896185356e-03
7.671621639827290104e-03
6.563912168261431569e-03
6.733614355451784939e-03
7.291178611277668829e-03
6.910267715335243616e-03
7.144468764533744645e-03
6.450354068207706133e-03
6.974432386348531319e-03
6.703403489516360746e-03
6.540986666013975243e-03
7.041805290912483278e-03
6.803928140770513187e-03
7.075825934189320515e-03
6.368410436267819309e-03
6.783208299089138645e-03
7.395379363475290332e-03
6.545865854538944484e-03
6.681614236651432608e-03
7.364901144743978174e-03
6.955851367034266569e-03
6.846905102709620675e-03
6.656215721042005665e-03
7.182967567141717441e-03
6.470138175103470196e-03
6.552616512635134685e-03
7.422315157661076544e-03
6.776724993788837276e-03
7.032648457653296187e-03
6.570061282566871247e-03
6.955784528835294578e-03
7.113389002011683698e-03
6.552148645242328144e-03
7.379405033920940181e-03
7.133373623504363735e-03
7.271661857177794466e-03
7.193862193574182377e-03
7.320186389631593710e-03
7.599503223136312886e-03
6.943085271030581540e-03
7.310829041775488910e-03
7.502520996427687258e-03
7.074622846607822070e-03
7.643215405264116614e-03
7.156633316746680018e-03
7.846938235731305486e-03
7.118335028735624931e-03
7.069075276093131181e-03
8.153190863421812609e-03
7.178422569611609891e-03
7.915781580672645590e-03
7.747750348456597207e-03
7.984424411017069720e-03
8.696384906468679343e-03
8.621860314614704368e-03
9.978809430147802736e-03
9.555723630653933931e-03
1.071322756045406388e-02
1.035270231519815239e-02
1.077264671934032719e-02
1.186538443433642065e-02
1.172295223232671345e-02
1.260200822520876097e-02
1.243618265355879438e-02
1.303572129833920588e-02
1.290839452929721208e-02
1.264605459833142466e-02
1.408528153679927154e-02
1.308564943297142041e-02
1.384854063603982791e-02
1.333682738470885580e-02
1.351996404989261498e-02
1.307990134785981355e-02
1.288600373264153255e-02
1.279771047179928921e-02
1.272853293586308915e-02
1.197072143591656687e-02
1.161206766023187634e-02
1.086227674416201557e-02
1.053049192446413665e-02
1.043985932665786667e-02
9.811847609115308816e-03
9.690402601582867592e-03
9.593687727670130796e-03
8.627207370532477548e-03
8.476219879054334647e-03
7.388829219976016972e-03
6.917686755421154597e-03
6.516991752582964453e-03
5.752830623734085658e-03
5.087523191165055185e-03
4.676134076491316946e-03
4.183803902862274354e-03
3.683319468958627576e-03
3.228953392345780982e-03
2.657419952934711015e-03
2.588977637187203727e-03
2.138688690711659877e-03
1.732245602761863087e-03
1.777160872471164827e-03
1.444707670783565564e-03
1.439226938467847317e-03
9.427527965025303157e-04
8.892822373247902734e-04
9.202283234489072377e-04
5.661863834932955942e-04
4.409984368184115830e-04
4.112554382757936601e-04
2.131470165222665303e-04
1.648898368643560380e-04
1.082110441359515510e-04
6.703871356909166365e-05
3.950137559255551098e-05
