0.000000000000000000e+00
0.000000000000000000e+00
0.000000000000000000e+00
0.000000000000000000e+00
0.000000000000000000e+00
0.000000000000000000e+00
0.000000000000000000e+00
0.000000000000000000e+00
0.000000000000000000e+00
0.000000000000000000e+00
0.000000000000000000e+00
0.000000000000000000e+00
0.000000000000000000e+00
0.000000000000000000e+00
0.000000000000000000e+00
0.000000000000000000e+00
0.000000000000000000e+00
0.000000000000000000e+00
0.000000000000000000e+00
0.000000000000000000e+00
0.000000000000000000e+00
0.000000000000000000e+00
0.000000000000000000e+00
0.000000000000000000e+00
0.000000000000000000e+00
0.000000000000000000e+00
0.000000000000000000e+00
0.000000000000000000e+00
0.000000000000000000e+00
0.000000000000000000e+00
0.000000000000000000e+00
0.000000000000000000e+00
0.000000000000000000e+00
0.000000000000000000e+00
0.000000000000000000e+00
0.000000000000000000e+00
0.000000000000000000e+00
0.000000000000000000e+00
0.000000000000000000e+00
0.000000000000000000e+00
0.000000000000000000e+00
0.000000000000000000e+00
0.000000000000000000e+00
0.000000000000000000e+00
0.000000000000000000e+00
0.000000000000000000e+00
0.000000000000000000e+00
0.000000000000000000e+00
0.000000000000000000e+00
0.000000000000000000e+00
0.000000000000000000e+00
0.000000000000000000e+00
0.000000000000000000e+00
0.000000000000000000e+00
0.000000000000000000e+00
0.000000000000000000e+00
0.000000000000000000e+00
0.000000000000000000e+00
0.000000000000000000e+00
0.000000000000000000e+00
0.000000000000000000e+00
0.000000000000000000e+00
0.000000000000000000e+00
2.194372606753942814e-06
4.663041789352128479e-06
1.920076030909699962e-06
4.845906173248289816e-06
3.931584253767480592e-06
2.468669182598185666e-06
1.334910002441981822e-05
1.398912536805638629e-05
1.554347263117376103e-05
3.044691991871095908e-05
2.285804798702023821e-05
9.966108922340823331e-06
3.931584253767481270e-05
2.907543703948974398e-05
1.984078565273356769e-05
5.568220489638129467e-05
9.508947962600418295e-06
2.953259799923014562e-05
1.033183769013314770e-05
2.669820004883963644e-05
1.792070962182386518e-05
3.785292746650551523e-05
1.965792126883740635e-05
3.693860554702470516e-05
2.139513291585094074e-05
3.849295281014208160e-05
2.916686923143782295e-05
5.202491721845806116e-05
2.907543703948974398e-05
4.315599459949421093e-05
3.703003773897278414e-05
4.480177405455966635e-05
3.657287677923238249e-05
5.751084873534292158e-05
3.648144458728430352e-05
5.641366243196594001e-05
5.330496790573120068e-05
1.115472741766587608e-04
1.411713043678369990e-04
2.474155114115070709e-04
3.970900096305155229e-04
6.073840511111017713e-04
9.183449359265250574e-04
1.204893425491810688e-03
1.803591418367844713e-03
2.225733848592134634e-03
2.850672880557267568e-03
2.995044311643287657e-03
4.430163996460366460e-03
3.118660635157092815e-03
6.193159521603263350e-03
2.273461452789032888e-03
8.182449721817660823e-03
2.072859223654943336e-03
9.552286821583809776e-03
3.153679164673208173e-03
1.028767594142222450e-02
7.692281740783998845e-03
8.871757016914243524e-03
8.571036537597003999e-03
1.000021312993745748e-02
1.024634859066169204e-02
1.198429169521081535e-02
1.520407633466248562e-02
1.506135068303153177e-02
2.239073805397359673e-02
1.936643544090692337e-02
3.074252019527910426e-02
2.619020279037610061e-02
4.017713378582573464e-02
3.135118429707747789e-02
4.807394933999758341e-02
3.261779445213424528e-02
4.910283579598934134e-02
2.672096666463471409e-02
5.429453851918527446e-02
5.406595803931506933e-02
3.909759389549473385e-02
7.130778363592443769e-02
3.586491731697839108e-02
7.067900445189748138e-02
6.226102540362156434e-02
7.785277423214391479e-02
5.880068266715449132e-02
7.682516782683943002e-02
6.124439086135085447e-02
6.643005905987821313e-02
7.170825663665703065e-02
5.448618039350845710e-02
7.377956151304886079e-02
4.581027113174699489e-02
7.679088075485890341e-02
4.562539523962798327e-02
7.893587997796089328e-02
4.840228234128314544e-02
9.078649780854360085e-02
7.419804665559523449e-02
1.541381263977218696e-01
9.856262286934398820e-02
1.491789357386499315e-01
1.437543552225622190e-01
1.514821126538220541e-01
1.405990302784339563e-01
1.560216295518523366e-01
1.002637188005380403e-01
1.473351141558249255e-01
8.045731165197694823e-02
1.299683921850144641e-01
8.841602680009766346e-02
1.089151242348574133e-01
1.105745270865231278e-01
9.159804994427477032e-02
1.125241357154320582e-01
9.192574292021668536e-02
1.121212854777088042e-01
8.734407578169835207e-02
1.133845126416635068e-01
6.835498099696116214e-02
1.045574659666118761e-01
7.003660187127026815e-02
9.887358375415941647e-02
8.061192348856115186e-02
1.239665088089665912e-01
5.223182826883656510e-02
1.178730103765867343e-01
8.193000996768469435e-02
1.118135247196115623e-01
9.826025661057169458e-02
9.812164540757839504e-02
9.943058866750711933e-02
8.751697405667217822e-02
9.194585800244527152e-02
6.823173040221515440e-02
9.417753494351403798e-02
5.796490100055708833e-02
9.278337688068968858e-02
6.901877871050422775e-02
9.468370355813861272e-02
7.345598298574460006e-02
1.125667431168798638e-01
6.549425057528961147e-02
1.264018966736956684e-01
7.225620976300188569e-02
1.132911603736845019e-01
9.385971664430249606e-02
1.053166274563567817e-01
1.199203600186881657e-01
1.271774245257993041e-01
1.341791189207994506e-01
9.527728134826554673e-02
1.391057597195378970e-01
7.091115078725365728e-02
1.463545953293736990e-01
9.854470215972217784e-02
1.499694584702330191e-01
9.949038532104116650e-02
1.324202378442942141e-01
9.903898458939350280e-02
1.107164298484265563e-01
1.050533941757382517e-01
9.211180743083104139e-02
1.120248245152035832e-01
7.933040988621685441e-02
1.128069354851274630e-01
7.971844810884451404e-02
1.045746552186981038e-01
7.850377143881424880e-02
1.013226864476807071e-01
6.574614626410657525e-02
9.216026649256352232e-02
6.736193596021305963e-02
7.444253633686438720e-02
7.299626192462964347e-02
6.659043112455514946e-02
7.379528785006392311e-02
5.968519769206023090e-02
7.418204602200431652e-02
4.885121440374822627e-02
6.940389110298954278e-02
4.822362383821659354e-02
6.411307588372189281e-02
4.236995204531655845e-02
5.754092992649383065e-02
5.001743201204598976e-02
5.162883296293897806e-02
5.209669148913730063e-02
4.197304490006993627e-02
4.656659822354152628e-02
3.032238927327767300e-02
4.360949827155669034e-02
2.962064720007615004e-02
4.026088567365017357e-02
