8.182983474735817664e-01
9.484681329866917476e-02
1.126048555542508295e-01
8.592556285773191027e-02
1.024525702287535367e-01
9.219521568380971421e-02
9.233142482117323580e-02
1.008982626711416031e-01
8.399824836967548225e-02
9.496689240660806386e-02
7.804469931468309418e-02
8.648048067557637109e-02
8.069741707047481394e-02
7.787421386479224938e-02
8.078949265510705635e-02
7.256250556398810558e-02
7.549413841191400520e-02
6.567408688692673302e-02
6.919536192159729537e-02
6.159923820353041535e-02
6.193998507512565865e-02
6.053129583870826141e-02
5.598128337184483244e-02
5.707050841438004313e-02
4.864256804001261536e-02
5.118103142071322997e-02
4.538273389893286713e-02
4.568898042981432012e-02
4.505990928225387521e-02
4.164280735428401575e-02
4.414228983054178240e-02
3.902526202376543907e-02
4.155498830519437775e-02
3.699287831626247441e-02
3.662547209047931768e-02
3.603807018559915948e-02
3.224213659433702167e-02
3.286493495267677617e-02
2.835883201035816620e-02
3.010894020293015602e-02
2.599309436141292173e-02
2.613176780882742190e-02
2.466147082113541444e-02
2.287731034422254423e-02
2.257509632069724936e-02
2.034063918901355197e-02
2.070714930205090273e-02
1.807549019578577609e-02
1.926261555580100274e-02
1.844916921078962324e-02
1.846328298653617320e-02
1.843684766053469912e-02
1.794936232681264981e-02
1.728847917677586721e-02
1.746590950044676210e-02
1.416575028580543787e-02
1.681533164698681762e-02
1.377347693132597965e-02
1.525206296191675484e-02
1.354339998383859676e-02
1.338680428150784522e-02
1.016931146766773646e-02
1.032053049352361050e-02
8.775184063369799101e-03
9.149983219305914128e-03
8.686692929720804882e-03
8.785041303573737706e-03
8.054037331177115247e-03
8.298452082597499585e-03
7.405027675022345969e-03
8.164483227098517232e-03
7.287860933507349717e-03
8.002286820106438436e-03
7.248207944505142934e-03
7.910883320033553975e-03
6.958091443048316366e-03
7.944935604374432636e-03
6.724878100950590007e-03
7.972939127681075849e-03
6.808440614497614056e-03
8.074199867957898916e-03
7.203850363587419210e-03
8.065910825059132913e-03
7.374559841664718104e-03
7.776018351788758706e-03
7.572376730302848163e-03
7.336699078154137153e-03
8.164483227098517232e-03
8.061430261330070068e-03
8.440037896435888254e-03
8.015728511293626971e-03
8.645247715226971399e-03
8.076440149822431205e-03
8.604250557106046110e-03
8.399712822874322651e-03
8.764654738606499074e-03
8.699238508162180500e-03
8.892798861257700943e-03
9.250571875023377508e-03
8.612539600004813847e-03
9.889724290974209048e-03
8.922146553683063530e-03
1.012338568944484186e-02
9.357657348147981058e-03
1.042268734654624648e-02
1.110306094880445654e-02
9.975079030012858061e-03
1.194249456344440193e-02
1.040140466883319841e-02
1.219206196315320706e-02
1.023024713438299392e-02
1.304404115623452806e-02
1.450806535470584857e-02
1.106632032622613913e-02
1.567794054436418699e-02
1.341615197393320781e-02
1.728758306403005082e-02
1.461223846140656188e-02
1.805913613817469385e-02
1.920750462193353270e-02
1.427238770255713669e-02
2.062179456301225372e-02
1.603616161450277175e-02
2.208021805682224697e-02
1.817249440051998954e-02
2.434111051450741151e-02
2.641628360562291861e-02
2.181317645857009171e-02
3.179856078515979484e-02
2.449367370948200492e-02
3.699870304911025837e-02
2.874012798370141966e-02
4.055828690366432288e-02
3.953761448618377944e-02
3.719719202230774985e-02
4.704748735246620794e-02
3.795687160257037174e-02
5.221738581124549250e-02
3.968726531473448782e-02
5.653149659777376157e-02
5.277544002370028464e-02
5.361935420206929287e-02
6.072844064278703352e-02
5.373405663353330447e-02
6.811128952735051589e-02
5.425783453346076646e-02
7.544978083099627975e-02
6.722570610630122789e-02
7.192872982451216368e-02
7.499769195073383021e-02
6.861109641132749626e-02
7.962745845197458094e-02
6.307199950127340138e-02
8.175975873063563715e-02
6.504658393667145377e-02
7.435137063281649361e-02
6.638694457622063005e-02
6.567834342246933743e-02
6.941849399530464204e-02
5.677008661634636716e-02
6.677160097236069236e-02
5.084498914103351142e-02
5.686529859558894784e-02
4.616526435421370450e-02
4.687722593076180944e-02
4.470706488859017141e-02
3.710556449404840695e-02
4.109416232566025229e-02
3.055363615303965594e-02
3.238327435180250735e-02
2.556184010249061556e-02
2.559118779491597467e-02
2.291046651581761170e-02
1.968222034902775142e-02
1.912730253118330448e-02
1.483626664785971105e-02
1.575164581770727157e-02
1.006939489650963276e-02
1.202583304880497188e-02
7.806934241519293029e-03
8.948581879684534141e-03
5.895525754701037326e-03
6.625633614351845134e-03
4.627750247562674273e-03
4.131527814568951643e-03
3.690640343629156186e-03
3.240343688858329449e-03
3.211444052805873320e-03
2.335717871960518721e-03
2.702452013184321843e-03
2.283743332703388248e-03
1.929778798107414841e-03
1.938067841006181494e-03
1.807683436490449286e-03
2.023870636417736749e-03
1.820677071304731796e-03
2.326980772688845827e-03
2.089734923234962214e-03
2.103400642608604411e-03
2.249018963803150334e-03
2.051426103351474371e-03
2.168368816680017394e-03
1.938291869192634289e-03
2.131180137728794829e-03
1.925522262564805008e-03
2.057250836199256156e-03
1.918801416971210741e-03
1.835014875237733463e-03
1.958006349600511283e-03
1.680211398398608188e-03
1.843303918136499683e-03
1.624652408158227569e-03
1.679987370212155176e-03
1.511518173999388138e-03
1.773183095776664385e-03
1.369036247415185903e-03
1.732185937655738662e-03
1.701046019738750893e-03
1.617707534378180073e-03
1.947252996650760412e-03
1.495612172761214519e-03
1.973464294465778444e-03
1.145904173707850944e-03
1.943892573853963279e-03
1.160466005827305407e-03
1.477241861472056465e-03
1.060101378296295256e-03
1.133134567080021447e-03
8.537714185729461825e-04
6.326555985436893093e-04
7.724491868904535558e-04
4.184846522944800406e-04
5.240019281139126142e-04
2.076741288420679867e-04
2.253723555718666516e-04
6.631234319013174720e-05
5.354273656230231718e-05
7.168901966500728420e-06
1.725017035689237977e-05
1.568197305172034448e-06
0.000000000000000000e+00
0.000000000000000000e+00
0.000000000000000000e+00
0.000000000000000000e+00
0.000000000000000000e+00
0.000000000000000000e+00
0.000000000000000000e+00
0.000000000000000000e+00
0.000000000000000000e+00
0.000000000000000000e+00
0.000000000000000000e+00
0.000000000000000000e+00
0.000000000000000000e+00
0.000000000000000000e+00
0.000000000000000000e+00
