4.705212337354670593e-01
1.187468067350212209e-01
8.029540474883917200e-02
1.166815778693873207e-01
1.228907501025384985e-01
1.212673363673635873e-01
1.151804981201897810e-01
8.001349073390967570e-02
1.224210004398484514e-01
7.491110393294754533e-02
1.036107854778722109e-01
1.165444739008509867e-01
1.127344605737968797e-01
1.114131893079256808e-01
8.874704563833167581e-02
1.220780799752189394e-01
8.232948821646834947e-02
9.972981201721969891e-02
1.184549390361932797e-01
1.116299227476493933e-01
1.088268369272227809e-01
8.690400868423672764e-02
1.110420132244877567e-01
7.615499333367294066e-02
8.561002977744185116e-02
9.478058351366232259e-02
8.493061057973019801e-02
8.111963399294400134e-02
6.639492464140399341e-02
8.149626854819720656e-02
6.049913290776441632e-02
6.312401567775154099e-02
6.891288558112743101e-02
5.963765762068484744e-02
5.973398359389538864e-02
4.864525864447576814e-02
5.824349970175101560e-02
4.757122404317828263e-02
5.135233957826922102e-02
5.261260439444040427e-02
4.715413257917665940e-02
4.933880565159163428e-02
4.041613075309961889e-02
4.802042416491675292e-02
4.305064612040779282e-02
4.306959022847253737e-02
4.573107686827966589e-02
4.085441393120755466e-02
4.219976669038139061e-02
3.480514281358585565e-02
3.952094137539636370e-02
3.767501464210511186e-02
3.623494134260758781e-02
3.809981218396358421e-02
3.416425400515841343e-02
3.326649593483621548e-02
2.936368858692263786e-02
3.002609019603376048e-02
2.897356839541996576e-02
2.769917576984456259e-02
2.868555373552045956e-02
2.673013647934656400e-02
2.683159983779499769e-02
2.500140634679479806e-02
2.479687419701109494e-02
2.581632408015593905e-02
2.529198969931325050e-02
2.601925079705280294e-02
2.596017086681700822e-02
2.634611693281389139e-02
2.624690118040703957e-02
2.889458109738732294e-02
3.142891745255654845e-02
3.176316857959710777e-02
3.359560967663888231e-02
3.521870232523642563e-02
3.772028784951406838e-02
3.901876196839209471e-02
4.360773133214206759e-02
4.629586815787078286e-02
4.864557973105314292e-02
5.518579222547120855e-02
5.612336503138709576e-02
6.445909366644957117e-02
6.824149354784998789e-02
7.568845453675658586e-02
7.823178131609211106e-02
8.358686325344322210e-02
9.110574763568035639e-02
9.566421377458030062e-02
1.059720561678398343e-01
1.115499721898846608e-01
1.210997291739772663e-01
1.175481905417047612e-01
1.292652819230344641e-01
1.327670521358148281e-01
1.311368955825151783e-01
1.436306953944991582e-01
1.408099498123172866e-01
1.445727634124982230e-01
1.322555612180668916e-01
1.370220914591016026e-01
1.315119247048815443e-01
1.213835697083709836e-01
1.235913610143564711e-01
1.136097425837032937e-01
1.089327954977543644e-01
9.339702145178163661e-02
9.197717660665832851e-02
8.291161818123735094e-02
7.508930698338703302e-02
7.186912969895879744e-02
6.431942100529429440e-02
6.038482608622124798e-02
5.130225007219973293e-02
5.085176560415179126e-02
4.675919608901345920e-02
4.148759666177815469e-02
4.241682121668246402e-02
3.574496322554332473e-02
3.708614185921136480e-02
3.148061239151286189e-02
3.019626608203904508e-02
3.196513203676186465e-02
2.848583788439727760e-02
2.635703387644441550e-02
2.389654743406994380e-02
2.010034082984268888e-02
1.959077643155895249e-02
1.742536855378608654e-02
1.611950944362857893e-02
1.664609143051284587e-02
1.530459171026743795e-02
1.482520945025633287e-02
1.485089637644581087e-02
1.481686119924475499e-02
1.486823505162370752e-02
1.382823562752727962e-02
1.431307635935364850e-02
1.386227080472833550e-02
1.377461416910674696e-02
1.324257371040721623e-02
1.448389441851366706e-02
1.362948303613620640e-02
1.305698566868824899e-02
1.447394073461524301e-02
1.263475681944872982e-02
1.369787447711568601e-02
1.226261747627869006e-02
1.360122741732778216e-02
1.310065344321035934e-02
1.238077733675028123e-02
1.526574023440585570e-02
1.303900482035561664e-02
1.597887352274119516e-02
1.453269957827367162e-02
1.587708907771539363e-02
1.363494150795146846e-02
1.196336478617129016e-02
1.259815294962872423e-02
9.789608657386844603e-03
9.852541626551062151e-03
7.659841389701878105e-03
8.014642057694020341e-03
7.201650843797091639e-03
6.871252755684951682e-03
6.711351640155459840e-03
6.767541791194940475e-03
6.649060844145979719e-03
6.296828868772784589e-03
6.123121030416448472e-03
6.737359652922304820e-03
6.174815969372770587e-03
5.823226167154311149e-03
6.990696962466016844e-03
5.851160699385366676e-03
6.531543156829125105e-03
5.912167149085373677e-03
6.147844696873820333e-03
6.197292029788562320e-03
5.289580275567938583e-03
5.480626789102169619e-03
5.287011582948990610e-03
5.541633238802175752e-03
4.785153262522094664e-03
5.513698706571120225e-03
5.845702227570103750e-03
5.179768666107927022e-03
5.874600019533264550e-03
5.678737207338506281e-03
6.728690315333356493e-03
5.655297887190609274e-03
5.740064743615881128e-03
5.437601187734796698e-03
4.441590624737846993e-03
5.079589653968969061e-03
4.545943762382594761e-03
5.241738375540038429e-03
4.411408486465212206e-03
4.947944157247901459e-03
4.121467307101497196e-03
3.990142896957798307e-03
4.971062390818430619e-03
4.447691269707848213e-03
5.018262117691593346e-03
3.609334216198809790e-03
5.018583204268962060e-03
3.272193309961931619e-03
3.616719207478284129e-03
4.019040688920959108e-03
3.262881799218246299e-03
2.969087580926109762e-03
1.721345141272290734e-03
1.738041643295450394e-03
1.059264618738535316e-03
8.817037414537791905e-04
7.147387212221822635e-04
3.653965250453025193e-04
4.225499358168876142e-04
2.491631840379215663e-04
2.128804007952861009e-04
1.852669551415989080e-04
1.297189772568560799e-04
1.197652933584339560e-04
1.293978906794876374e-04
1.271502846379084315e-04
1.127013886563279230e-04
1.396726611552782037e-04
1.168755141621178516e-04
1.210496396679077802e-04
8.573011615737765581e-05
1.049953107994850050e-04
1.191231202036970575e-04
1.008211852936950764e-04
9.953683898422125223e-05
6.004318996790120603e-05
5.586906446211128421e-05
4.302560136737305593e-05
3.660386982000394179e-05
2.889779196316101024e-05
2.986105169526637499e-05
2.857670538579255420e-05
1.894410806473888299e-05
1.958628121947579508e-05
1.990736779684425112e-05
1.733867517789660614e-05
1.284346309473822489e-05
1.669650202315969405e-05
1.798084833263351824e-05
2.408149330263417294e-05
1.798084833263351824e-05
1.798084833263351824e-05
1.637541544579123801e-05
1.412780940421204738e-05
1.862302148737042694e-05
