3.719363091901024820e-02
1.411209755437802145e-02
8.885714568544493888e-03
1.836235843956021685e-02
3.808340375691165319e-02
6.565960396346608163e-02
8.497818663008742390e-02
9.780255387476004258e-02
1.087959413175570572e-01
1.163484983555581470e-01
8.958848639777908240e-02
9.447210035365313785e-02
1.261844302459289857e-01
1.514885185474288409e-01
1.598219732659510173e-01
1.516968830727601913e-01
1.416176715203808500e-01
1.192757383627806173e-01
1.114457373892482339e-01
1.306674587089587947e-01
1.512185832434410626e-01
1.589291969754322020e-01
1.513225777903181302e-01
1.312163396747865751e-01
1.185969580712507715e-01
1.147243813527051987e-01
1.232113875862913266e-01
1.334614205062846504e-01
1.374638965505322885e-01
1.320685693549706330e-01
1.218478200979968701e-01
1.156700934956054749e-01
1.078404679536502653e-01
1.077083160384851857e-01
1.116345794725665530e-01
1.111209890749930984e-01
1.051771563451808361e-01
9.287313726647081213e-02
8.674684479015219718e-02
8.398967528738936206e-02
8.002474240085909185e-02
7.978371532831365909e-02
8.069601406084547790e-02
7.964705823422246755e-02
7.582591564174967491e-02
7.452654695315188982e-02
7.739108988698636948e-02
7.379858512501230594e-02
7.133688027348508709e-02
6.555560941658898633e-02
5.954532529761701054e-02
5.525339150736854887e-02
5.564046146343451515e-02
5.386617182971214363e-02
5.074145481289636661e-02
5.035025510948148292e-02
4.760547484876537921e-02
4.393450488716203056e-02
4.171082365556286198e-02
3.943683459262243424e-02
3.832480626103426657e-02
3.769670923242285365e-02
3.728561165541777189e-02
3.608573233477098408e-02
3.381399586129359841e-02
3.231827645783402758e-02
3.080866608601902715e-02
3.005930465798054355e-02
2.871150529592735728e-02
2.801658144657904678e-02
2.679267450499315043e-02
2.505104741848486818e-02
2.370474978274038011e-02
2.362440742522523354e-02
2.346259641546341590e-02
2.279395277651725601e-02
2.247446050434253120e-02
2.198076798035926080e-02
2.119611598406646522e-02
1.989261754811976271e-02
1.948790230792663350e-02
1.874229519565988669e-02
1.881437805847721925e-02
1.900960247860748395e-02
1.940793538198866061e-02
1.871075894317730803e-02
1.837099336583520801e-02
1.797829193611163653e-02
1.756644349595221088e-02
1.754391760132179359e-02
1.790470734698561273e-02
1.832143639764829621e-02
1.814385726164518750e-02
1.703783583529179524e-02
1.612553710275997643e-02
1.639359524886191757e-02
1.663312059509866603e-02
1.623516312329466305e-02
1.638984093309018425e-02
1.628059034413266784e-02
1.584283712514826525e-02
1.529095270670309016e-02
1.621076007077838083e-02
1.632601756497067264e-02
1.600014295598399527e-02
1.573996887300270139e-02
1.563710062085713753e-02
1.530972428556176719e-02
1.558266304216696617e-02
1.608574135557957682e-02
1.632376497550763056e-02
1.597761706135358145e-02
1.587362251447649655e-02
1.569829596793643339e-02
1.530784712767590053e-02
1.612215821856541331e-02
1.686138299402020757e-02
1.760361122209239473e-02
1.715684764525582384e-02
1.771098465316403928e-02
1.798054452557467861e-02
1.822006987181142706e-02
1.945674148702122852e-02
2.016630716787930905e-02
2.118335131044256012e-02
2.207500130622983350e-02
2.159031914009873140e-02
2.268094787178800628e-02
2.329590479519834390e-02
2.476421769352424654e-02
2.633690057030441123e-02
2.894427287377498645e-02
2.923560777766168531e-02
2.863266466472090196e-02
2.881700156911313690e-02
2.884403264266963487e-02
3.068740168659195300e-02
3.371413106176542746e-02
3.711328856149509470e-02
3.821180135630501684e-02
3.950779116070824576e-02
4.269895956668375014e-02
4.497933096643612350e-02
4.697174634649635416e-02
5.098736249594506414e-02
5.528793121246851350e-02
5.711177781437781070e-02
5.819527334610078567e-02
6.105343394312331973e-02
6.153436179348268503e-02
6.422695706497166812e-02
6.797977111039885112e-02
7.243013702621456384e-02
7.240197965792655177e-02
7.327560893800949549e-02
7.962415690801487311e-02
8.029467770484691180e-02
8.314758225978900741e-02
8.843478516112465715e-02
9.813180736794126224e-02
9.977769940227027012e-02
9.883461528041023736e-02
1.028442245246241615e-01
1.023647984005734840e-01
1.013901780262308483e-01
1.001587624531014714e-01
1.121305245860128724e-01
1.154076668231611147e-01
1.146511721951563451e-01
1.163571332818331416e-01
1.147300128263628038e-01
1.093493274623109218e-01
9.714667490943777739e-02
1.100254797328005518e-01
1.155634709276881639e-01
1.129042890665676313e-01
1.080116647528414353e-01
1.025649034312069996e-01
9.205131754403783617e-02
7.496505103529063629e-02
7.873964011219390657e-02
8.159066750925013378e-02
7.772222053805347142e-02
7.182944650273682952e-02
6.632974932872093277e-02
5.974956007559944354e-02
4.910119425222495698e-02
4.637180668617296025e-02
4.701154209367675724e-02
4.383764354025124210e-02
4.059841989239752064e-02
3.780783697926623499e-02
3.431557244839751608e-02
2.937151400859852948e-02
2.677014861036273313e-02
2.551020023736817049e-02
2.233555082078830453e-02
1.868447873277515742e-02
1.683585364677240431e-02
1.538931577992256813e-02
1.288706431806060232e-02
1.111164838960670108e-02
9.352000587394090902e-03
8.147991519398392612e-03
6.840738767679957651e-03
5.356657743112762209e-03
5.221126943753096050e-03
5.306725343348674129e-03
4.974843829127222235e-03
4.778493114265434764e-03
4.650470946449241326e-03
3.976571265422649930e-03
2.874679586418167274e-03
4.424836568567914671e-03
4.356132589945147827e-03
3.578238362041472401e-03
2.267231294551301513e-03
1.597085929296445826e-03
8.567348591101290115e-04
6.652647547515989392e-04
5.841715340821038204e-04
3.059767353964746857e-04
1.036191152999104326e-04
1.576812624129071829e-05
2.252589463041531548e-06
1.126294731520765774e-06
0.000000000000000000e+00
0.000000000000000000e+00
0.000000000000000000e+00
0.000000000000000000e+00
0.000000000000000000e+00
0.000000000000000000e+00
0.000000000000000000e+00
0.000000000000000000e+00
0.000000000000000000e+00
0.000000000000000000e+00
0.000000000000000000e+00
0.000000000000000000e+00
0.000000000000000000e+00
0.000000000000000000e+00
0.000000000000000000e+00
0.000000000000000000e+00
0.000000000000000000e+00
0.000000000000000000e+00
0.000000000000000000e+00
0.000000000000000000e+00
0.000000000000000000e+00
0.000000000000000000e+00
0.000000000000000000e+00
0.000000000000000000e+00
0.000000000000000000e+00
0.000000000000000000e+00
0.000000000000000000e+00
0.000000000000000000e+00
0.000000000000000000e+00
