3.218590510385794189e-04
3.567025079400035627e-05
4.299328241396069305e-05
4.417441654621236618e-05
4.996197379424553535e-05
5.256046888519919996e-05
6.023784074483504479e-05
5.775745906710654274e-05
7.299408937315305626e-05
7.275786254670271757e-05
8.716769896017306600e-05
8.279750267084189509e-05
1.077194328613520578e-04
1.024043292662195727e-04
1.220111558615972504e-04
1.185858668780674207e-04
1.613429224655777751e-04
1.481142201843591065e-04
1.935878842760483016e-04
1.848474916973859598e-04
2.319747435742275257e-04
2.168562266814061748e-04
2.685899016740291825e-04
2.744955723352875414e-04
3.280009485262880622e-04
3.458360739232882539e-04
3.974516355026860653e-04
4.089086365855273291e-04
4.880446234463890016e-04
4.824932930248062050e-04
6.000161391838470474e-04
5.643458883898466640e-04
7.184838926486893530e-04
6.961604575491327261e-04
9.179774475859960947e-04
8.885672076929294156e-04
1.210190031905058333e-03
1.223064393946601521e-03
1.563231024035081863e-03
1.594531078539751035e-03
2.124860303920749795e-03
2.232225396542426507e-03
2.825863411412114518e-03
2.918582440793870449e-03
4.211806202196220934e-03
3.389973072975510735e-03
5.378412384621193351e-03
4.203656376683685171e-03
5.537274925409042814e-03
5.419515852423551633e-03
5.879095143282674768e-03
6.692424106751173642e-03
7.071095709551057998e-03
7.483783975359790258e-03
8.379437987846230160e-03
9.526673570502275021e-03
1.054433873885031112e-02
1.121935689543213967e-02
1.321441055821843090e-02
1.385411280424593376e-02
1.662257309683061457e-02
1.739137330351322661e-02
2.124966605992652247e-02
2.316416637489325178e-02
2.745062025424778104e-02
3.116847616233634974e-02
3.532181622498611895e-02
3.999272926438856429e-02
4.245267732162911339e-02
5.007996909405747904e-02
4.877328040354746153e-02
5.700129699563902252e-02
5.691105834793499380e-02
6.637973823254371408e-02
6.917004950657505702e-02
7.453487884867535107e-02
8.197035443802604127e-02
8.109619706674658923e-02
9.546055981612523722e-02
9.268205988341642054e-02
1.039773637035523446e-01
9.948267587668184475e-02
1.019008117856406853e-01
1.016769868675789917e-01
9.893344850518481781e-02
9.887285632420030057e-02
9.727856147248700736e-02
9.552162445076264885e-02
9.107571746355415387e-02
8.623129582012394045e-02
8.431526003078528009e-02
7.874266919482190985e-02
7.627079168284563171e-02
7.512993422450374437e-02
7.017531276653445060e-02
6.993069988774512635e-02
6.202088083088216214e-02
6.303641995779214746e-02
5.689534926397604719e-02
5.633891697427229062e-02
5.459379129387044449e-02
5.218002558120094642e-02
5.076077480788733498e-02
4.846228778652559438e-02
4.783203461355610420e-02
4.762108405753595619e-02
4.647656508338408876e-02
4.933691761145795468e-02
5.034288955189669679e-02
5.610221769416905147e-02
5.878362840120678751e-02
6.586003921435297503e-02
7.348638607947555190e-02
7.969277349080515493e-02
8.832591909025903909e-02
8.904641091093255800e-02
9.427848077656776626e-02
9.296222489958651247e-02
9.260386880386135833e-02
9.473546157233594944e-02
9.450738457139815085e-02
1.013628051884000458e-01
1.017606111641424227e-01
1.082059420104265479e-01
1.030766308142972154e-01
1.100897328379547291e-01
9.985733162343207736e-02
1.021584171398847718e-01
9.594683273837326110e-02
9.558576003414391564e-02
9.158773910988524114e-02
9.059948418143028148e-02
8.875455266685317035e-02
8.766566511033037357e-02
8.632047144710894293e-02
8.818371054073594062e-02
8.845938724720348034e-02
9.182691877166621053e-02
9.084799480285601914e-02
9.908191706560885714e-02
1.004840413940048111e-01
1.046775400171511411e-01
1.082053514433604091e-01
1.088203679860238471e-01
9.956334733791463720e-02
1.012448098885881109e-01
9.246756592499952299e-02
9.878887768739721964e-02
8.813965423760294904e-02
8.999722388739514467e-02
7.764267897745592839e-02
7.933323626094775094e-02
7.011460247213670283e-02
7.266597031121353745e-02
6.961828990976455522e-02
6.826104867839416501e-02
6.786938460013951235e-02
6.813088769702003999e-02
6.710152930076269950e-02
6.904543985562250352e-02
6.744819216857857180e-02
7.368824190267736496e-02
6.597768017392524609e-02
7.488272285062347322e-02
6.882515833995755949e-02
7.747448547702330546e-02
7.444676624240936791e-02
7.967812742756523459e-02
8.089859332642088119e-02
8.165144822231810984e-02
8.689296716101133078e-02
9.197030845532155885e-02
9.448683283749696737e-02
1.062600235275419219e-01
1.100753230015412421e-01
1.268402227613081856e-01
1.516138025048075488e-01
1.267835283229601095e-01
1.667108227564219336e-01
1.326669936625321233e-01
1.647521480249089787e-01
1.372556997663298695e-01
1.502234895177341489e-01
1.343792838140573653e-01
1.051295600495638499e-01
1.046128138667037494e-01
8.265316807988073999e-02
7.591727823706270750e-02
6.637170652044439845e-02
5.619588163085661309e-02
5.074707365195321729e-02
4.338293856419051658e-02
3.898498562275143353e-02
3.594675429436047093e-02
3.417859649837972497e-02
3.095646258559717895e-02
3.329510816745548385e-02
2.929023666522975050e-02
3.001084659931649301e-02
2.855698859592791308e-02
2.777555025403021308e-02
2.634614172717924738e-02
2.541954200042781040e-02
2.544706242570927285e-02
2.653819413708336655e-02
2.169896948383506080e-02
2.960146550907806484e-02
1.922154064143718685e-02
2.904621435350655811e-02
2.275549396513417560e-02
2.314822106410785452e-02
1.807170656369018816e-02
2.237457820748301254e-02
2.131486466402681551e-02
1.624342904037782975e-02
6.562948183173746008e-02
1.105411623033013095e-02
1.586440309733827200e-02
5.999925165012020244e-03
4.733985602064683280e-03
3.247292069799509202e-03
2.479200543596250025e-03
2.032731841605120091e-03
1.532875876836214046e-03
1.391257894379239199e-03
1.135542354746753258e-03
9.922707845046259325e-04
8.756928456513862280e-04
7.830919296828555212e-04
6.998219733591130301e-04
6.421826277052315821e-04
5.533613409599061859e-04
5.682436310262771982e-04
4.406811447430971241e-04
4.340667936024878034e-04
3.628444054277122602e-04
3.500881567993942419e-04
2.892597489884333843e-04
2.850076661123273963e-04
2.449672190289958556e-04
2.016195963753596274e-04
1.874459867883396312e-04
1.638233041433062771e-04
1.466968592256571015e-04
1.300428679609086033e-04
1.211843619690210921e-04
1.111447218448819146e-04
7.937221368731205184e-05
8.397863680309356144e-05
6.708841871189471096e-05
5.929293343903371035e-05
4.819027259586803583e-05
4.759970552974219588e-05
3.826874588495402765e-05
3.236307522369568913e-05
