5.453879776897253145e-02
1.172331207471812020e-02
9.905959465770039496e-03
9.759692634411808176e-03
9.784552887471528737e-03
1.086903885827545865e-02
1.199898844255162071e-02
1.536857438637937237e-02
1.409337962498031192e-02
2.279293571453024428e-02
2.622075594977186716e-02
3.725104590152374801e-02
3.862329781527926165e-02
4.553632119864693684e-02
4.752514144342474822e-02
3.806939094402393697e-02
5.273830245490741114e-02
4.718407920453005638e-02
5.622946525273955776e-02
4.852517066410797636e-02
4.976818331709410848e-02
5.573839011695709555e-02
4.273630749101624965e-02
5.495375966422283431e-02
5.595191585214128599e-02
5.930157953838008367e-02
5.292679766132599162e-02
4.866360481299533691e-02
5.683156014876133283e-02
4.447550355096151209e-02
5.488309524627910108e-02
5.568253968542566379e-02
5.563690579624754051e-02
5.073671153218795721e-02
4.602603412878229078e-02
5.365932374805837402e-02
4.461529990549598090e-02
5.076446647224778369e-02
4.941418012455189163e-02
4.797960730244118371e-02
4.911875177483532307e-02
4.376919992293596545e-02
4.718697389153016231e-02
4.226924122976406795e-02
4.644814760367991374e-02
4.751730876095387746e-02
4.320984422909220080e-02
4.389213898258746693e-02
3.904881680429465179e-02
3.893524290846701874e-02
4.083398730482980243e-02
4.065196257523498446e-02
4.348432866698448418e-02
4.181136985662985833e-02
4.516460933269231259e-02
4.445898680749032356e-02
4.206354817705074134e-02
4.441658815672408500e-02
4.255615579418620814e-02
4.595673191648566580e-02
4.509888291021934420e-02
4.723992963606148815e-02
5.166267082080969186e-02
4.891969947465166224e-02
5.513016529552333678e-02
5.646172131557149199e-02
6.365195354812566708e-02
6.439043928456412991e-02
7.352777421395342849e-02
7.586225414168493164e-02
7.290456513040148578e-02
8.524614829320077691e-02
7.887340972461737154e-02
8.538764740479413973e-02
7.970639847782395870e-02
7.380055589478683176e-02
7.422965067362587155e-02
6.737809682008395751e-02
7.524704801630972828e-02
7.599540974368973467e-02
7.456305050575558202e-02
7.932923778928090142e-02
7.503573586530210004e-02
7.313648064182162734e-02
6.706972751671985700e-02
6.814246446381748423e-02
7.105537096445224687e-02
6.520759239712310695e-02
6.715997364084076715e-02
7.117422340716243745e-02
6.556432000095953339e-02
6.873740778019195308e-02
6.578159180167326980e-02
6.266758969238417354e-02
6.835037110070736610e-02
6.129074033456968079e-02
6.186014229506085760e-02
6.430019316044321975e-02
5.805635330121740323e-02
5.589657624772752242e-02
5.655588378092783752e-02
4.956266054008667127e-02
4.995242163086547477e-02
4.754267984113126622e-02
4.712533408599852564e-02
4.439326038501736210e-02
4.118935270301912754e-02
4.401678079929785548e-02
4.219568212482022879e-02
4.282910775072549386e-02
4.285498965802054389e-02
4.193294671063425155e-02
4.290113437431633536e-02
3.841913724391893964e-02
4.168298197438991687e-02
4.111868828507540125e-02
4.084284164153600266e-02
4.239711828488634121e-02
4.124128679331513087e-02
4.247238014688906049e-02
3.897747128352736790e-02
4.136507723149607241e-02
4.172997806921515535e-02
4.032690625269381296e-02
4.233088103529570462e-02
4.084028750594768248e-02
4.368423234569759200e-02
3.843020516480168819e-02
4.101856617001294752e-02
4.202421448899049811e-02
3.968615877143534532e-02
4.216997049323106123e-02
4.134379276826000843e-02
4.243815473000547150e-02
3.960885360096196017e-02
4.028518870475113201e-02
4.207921354199248981e-02
4.037185903904838558e-02
4.367725104175616824e-02
4.106079454507330362e-02
4.403823553823981579e-02
4.022763551616081318e-02
4.234739777876689315e-02
4.420834096842243127e-02
4.288768259355113521e-02
4.490289557274167176e-02
4.574712252253691075e-02
4.738347205612550295e-02
4.654980220009535125e-02
5.045132944911881467e-02
5.494848111734029067e-02
5.505473315781472116e-02
5.318902224839430065e-02
5.920537376455307227e-02
5.648794377427832775e-02
5.499087976810652922e-02
6.087526761220170973e-02
6.117784754156558452e-02
5.965592328233407932e-02
5.833356215040389620e-02
5.690835449211705671e-02
5.894740607013198436e-02
5.528647839352898025e-02
6.221142107630885099e-02
5.950642121256396327e-02
6.333319742670237562e-02
6.752368254861863817e-02
6.903828495249694774e-02
7.621029768452104725e-02
6.917671910138430136e-02
7.339989715883116217e-02
8.318547170053801343e-02
7.724097653226419391e-02
8.252667499445537347e-02
8.231519256774184889e-02
8.256141123845663066e-02
9.084753791410925261e-02
9.015076972561347768e-02
8.690259036008422810e-02
1.106919795054740335e-01
9.559312183722207257e-02
1.009115132349438365e-01
1.117613109384539005e-01
9.499068638978851176e-02
9.423023508729043429e-02
1.109748074529548628e-01
1.004461497307505419e-01
1.120371575819932713e-01
1.004796940448105663e-01
1.019367432600985640e-01
1.023402966830543326e-01
9.378632632203907915e-02
1.096364404046711594e-01
1.023331451034070194e-01
1.200831955123431161e-01
1.049170789402651821e-01
1.073973148722372345e-01
1.140373862990656101e-01
1.080610495737906601e-01
1.078022305008401044e-01
9.916380338970415265e-02
9.697984718597810194e-02
8.274684148216920887e-02
7.998548035977522119e-02
8.075240213909708198e-02
7.315231628246926521e-02
7.225990130790757582e-02
8.038086054884835407e-02
7.468820314958364570e-02
8.036008691272994442e-02
7.469927107046638037e-02
7.732049528691413431e-02
7.570015166967906939e-02
7.209337166754861692e-02
7.746250522562515839e-02
7.273156501321875744e-02
7.385810908337714364e-02
7.087266513203388518e-02
6.626262067080831986e-02
7.209762856019583110e-02
6.397513683790205519e-02
6.372670458301071816e-02
6.722587033901962494e-02
6.265158377603065321e-02
6.301461158098496662e-02
5.988579548528356195e-02
6.209359028783400375e-02
5.989056320504844433e-02
5.774304600238254481e-02
6.184107141600134194e-02
5.827004931210747612e-02
6.171081050099663096e-02
5.823156700257667989e-02
6.098220075549969088e-02
5.982977477804624772e-02
5.820909060939939705e-02
6.152146391604861042e-02
5.874239412024220841e-02
6.518188076553393939e-02
5.678865067087743301e-02
5.928829803332077986e-02
5.798483750474422993e-02
5.505013571375573511e-02
5.527643212688156116e-02
5.567453672724890362e-02
5.697629449876657343e-02
5.166539523210390145e-02
5.034729099282093945e-02
4.961970290155932883e-02
4.666082196033466412e-02
4.599521422601646897e-02
4.577845325242040075e-02
4.711137147811566422e-02
4.429484102701380238e-02
4.161538251915217895e-02
