1.487857106009115443e-02
4.376635180063520765e-03
3.933552157322632234e-03
4.085074227678398007e-03
6.350343183385290073e-03
6.677754089569928886e-03
5.828418270061874046e-03
4.967739301109439995e-03
4.544961916262808821e-03
4.142350130428404560e-03
3.731476050554269168e-03
3.304357460364728064e-03
3.394402461509604760e-03
4.084794149914339721e-03
4.819158047276291858e-03
5.577608632347293843e-03
6.346562133570497581e-03
6.999143323827304586e-03
7.865703925824972173e-03
9.402070500569055175e-03
1.247256302794475663e-02
1.617757172979547922e-02
1.996590356645366535e-02
2.434926061285459450e-02
2.777391147288254050e-02
2.959847806684304597e-02
2.998610569230030984e-02
3.695640100642956505e-02
4.643829366975535389e-02
5.335229335330881478e-02
6.428288825122829842e-02
6.953280589962690383e-02
6.994115927962452073e-02
6.921687818176867901e-02
7.607374200145415599e-02
8.713625352624529419e-02
9.063008359399575553e-02
9.554572843099026769e-02
9.620559164311261180e-02
9.144244914864806117e-02
8.697450861750140316e-02
8.926316406650719459e-02
9.720504914415613318e-02
9.770470787523688472e-02
1.018591013495198094e-01
9.848878557571924541e-02
9.345116687247716214e-02
9.172630796252156937e-02
9.179688755906437181e-02
9.312277569411832323e-02
9.112218022544692209e-02
9.277323864457304170e-02
8.724422350428993889e-02
7.828593622087191839e-02
7.520536089399010304e-02
7.412902204671246997e-02
7.175802373507339516e-02
6.776355466406799866e-02
6.718673450898907107e-02
6.197126642556969461e-02
5.818153420009121446e-02
5.781869345675315353e-02
5.694387056071575220e-02
5.657934935079333288e-02
5.497072271292209600e-02
5.580675483863736103e-02
5.781477236805632886e-02
6.019291266267887824e-02
6.222837781297560489e-02
6.584558213579390362e-02
6.997028736708661711e-02
7.276350290804418919e-02
7.222057216241636879e-02
7.308097105360474022e-02
7.276756403562303910e-02
7.268564128963586612e-02
6.856485714703998424e-02
6.523837354331461780e-02
6.303668224004904674e-02
5.524547899946369994e-02
5.209320376498285249e-02
5.233239017548899780e-02
4.985090118592877539e-02
5.074238870892766595e-02
5.200960055241132807e-02
5.207639909913933107e-02
5.022144406777845349e-02
4.441263124120069933e-02
3.852175562975372614e-02
3.554228837569711058e-02
3.157344642010308233e-02
3.114674794655962475e-02
3.144965204838912759e-02
3.163492348931396664e-02
3.128062511777969512e-02
3.004884311144945946e-02
3.018888199347881732e-02
2.971513045557350186e-02
3.102589439136829372e-02
3.232685560542102737e-02
3.381280818263453919e-02
3.424986953344816981e-02
3.359014636020785788e-02
3.526697193362739180e-02
3.512567270165976863e-02
3.666315958746008824e-02
3.888389617868164699e-02
4.012226001246725626e-02
3.943004781859614505e-02
3.824909992644256324e-02
3.786805412844068686e-02
3.685319235037392421e-02
3.684324958974984771e-02
3.713439042548887653e-02
3.723423814837580753e-02
3.639344470067154558e-02
3.577755369750643122e-02
3.547913083990187483e-02
3.577251229775336994e-02
3.729529510094060918e-02
3.792378960348836980e-02
3.901399230008691793e-02
3.982327699933457810e-02
3.958100973342378731e-02
3.996597662012249530e-02
4.004327808300270353e-02
4.197301387736725176e-02
4.312539383758683120e-02
4.542357193057063036e-02
4.790954216435578533e-02
4.980216765498256259e-02
5.100244091285618259e-02
5.080260542820028841e-02
5.496134010782613433e-02
5.730727145958193491e-02
5.947101222581754193e-02
6.213581211195418758e-02
6.517269530764284446e-02
6.396219921138107667e-02
6.556578444949925921e-02
6.951992232248020709e-02
7.756515609506681175e-02
8.540257216672184071e-02
8.563699725523900297e-02
8.904568368271560674e-02
9.381638827680974235e-02
9.838165583096679379e-02
9.776030331140253549e-02
1.033464543155536153e-01
9.624116151914806350e-02
8.213154396028010673e-02
7.656373804967486763e-02
7.608536522866259089e-02
7.414960776237077000e-02
7.520928198268692078e-02
7.513198051980672643e-02
7.279585188979297017e-02
7.126214605380744305e-02
7.141632886292176297e-02
7.282960126036204518e-02
7.209327681865168591e-02
7.657059995489430559e-02
7.988279959265268126e-02
8.159715558645608269e-02
8.327426123763967403e-02
8.847278461633349689e-02
9.117455476732590214e-02
9.135268422526723886e-02
9.693155320755279802e-02
9.992572454422249395e-02
1.094994827141595461e-01
1.120910422649948474e-01
1.042744919867621689e-01
1.186213354117878482e-01
1.306216873295296399e-01
1.406269052949991327e-01
1.408831764491128291e-01
1.428416202142934188e-01
1.402388575528957515e-01
1.325713086451423550e-01
1.400531659953248298e-01
1.342341303303589417e-01
1.256098357805809362e-01
1.066613146920705468e-01
1.041494372651099592e-01
9.501077990163812881e-02
8.651378069562480622e-02
8.267601513361025334e-02
7.178547135595116091e-02
6.496389733453708515e-02
6.292997261194267777e-02
6.425642090252475791e-02
6.479332997622531953e-02
6.563538377386785028e-02
6.223355925161068447e-02
5.817761311139439673e-02
5.563814802467401816e-02
5.506468880276380040e-02
5.442079002319281239e-02
5.246010563589977027e-02
4.939129357510842200e-02
4.492461339390002584e-02
4.284293541253362397e-02
4.209988910448584504e-02
4.085060223790194789e-02
3.864639023475985313e-02
3.653306346605481730e-02
3.487472302506316318e-02
3.369447532731972839e-02
3.300702445543761410e-02
3.237152800878838332e-02
3.260441266960321244e-02
3.172118744064404694e-02
3.016059413930888625e-02
2.987813571425567208e-02
3.025386003474044017e-02
3.118357817253334524e-02
3.105614278988663018e-02
3.084846512783709707e-02
3.013384671284128138e-02
2.934808854577455536e-02
2.882070211605199106e-02
2.833028595118517942e-02
2.833098614559532991e-02
2.800777640587157058e-02
2.806911343620042618e-02
2.730968257895521889e-02
2.656243510444656827e-02
2.575847188271602334e-02
2.455637811937601625e-02
2.587344380486212778e-02
2.559840744055646988e-02
2.553665029358152122e-02
2.421538344163453108e-02
2.211367990013792667e-02
2.159469580333712654e-02
2.174929872909753953e-02
2.324183313376643190e-02
2.398922064715711469e-02
2.387200810289854397e-02
2.263938586327613606e-02
2.039652312869394066e-02
2.051947726711571621e-02
1.966650043667490105e-02
2.039078153453073930e-02
2.072351391823249248e-02
2.193555044219658301e-02
2.349656386017783330e-02
2.673888409580355702e-02
3.373746726410273983e-02
3.486043905909616547e-02
2.725086624850289047e-02
3.699855270992040424e-02
1.057016282335233592e-01
3.707641432832872730e-02
