7.866061296001528036e-02
1.386013184593372360e-01
1.991987064458435319e-01
1.885706159645210434e-01
1.683834109875255169e-01
1.592627272059667642e-01
1.365922458463081635e-01
1.197395232565486856e-01
1.529394481868540656e-01
1.424539681356170873e-01
1.347419236951479526e-01
1.399511791772159452e-01
1.457441256594481371e-01
1.491155855821877652e-01
1.271406914131912036e-01
1.033710016202890047e-01
1.369275730738065411e-01
1.259324775414109587e-01
1.118472886104985159e-01
1.017543485859918745e-01
9.532977280023903488e-02
7.794009303368795716e-02
7.099999981485570488e-02
6.731525464832181782e-02
6.529847336339623942e-02
6.610667943254641687e-02
6.114386055517011948e-02
5.853688407816764333e-02
5.736805670185864819e-02
5.838921483215004510e-02
5.813735806753111274e-02
5.621163546938310468e-02
7.150660409605476275e-02
7.953145198832464735e-02
8.400187944831109810e-02
9.551237196578772626e-02
1.172302301062348590e-01
1.319986000839758755e-01
1.364051901048193294e-01
1.366745118292037875e-01
1.279841887458676164e-01
1.247553392532135125e-01
1.320766503869280906e-01
1.488563814896674553e-01
1.585622016473710039e-01
1.564578546676209658e-01
1.506998381049198532e-01
1.390068668698929144e-01
1.215039659848617948e-01
1.175950670933370718e-01
1.339568436416873065e-01
1.325062883971603878e-01
1.269067814003313477e-01
1.213337729631465689e-01
1.095036114579613640e-01
9.997497030587926270e-02
1.000603679367328414e-01
1.115973590138537169e-01
1.089927914968188971e-01
1.026981791013213546e-01
9.637297291423450873e-02
8.661307160525698323e-02
8.438695169914166294e-02
7.920311074473249113e-02
9.050595091299676320e-02
8.688913841755088741e-02
7.928140194368146765e-02
7.581129511026615808e-02
7.090665261610884507e-02
6.331650155000334568e-02
6.227257874801755966e-02
7.594463104447617130e-02
7.196900396184724435e-02
6.676854118366121194e-02
6.466985525983516558e-02
5.858036580558392131e-02
4.799912959563244069e-02
5.219577875529424899e-02
6.284735659630141802e-02
5.938941501072279167e-02
5.667162637520792995e-02
5.144538772536792065e-02
4.332333829840292333e-02
3.713387700549376086e-02
4.246249645395934469e-02
4.683271117929110189e-02
4.072093884533900532e-02
3.692489972829918893e-02
3.165024098310920131e-02
2.372319686552634352e-02
2.274973614259463012e-02
2.852810841702248246e-02
2.816062157395583451e-02
2.545535953027280515e-02
2.178241826758045563e-02
1.839614324103973006e-02
1.309101115225883710e-02
8.958801671731962332e-03
9.934912250628098740e-03
1.085838705423084957e-02
9.589587839263931032e-03
8.335362832101358976e-03
7.287947038162462254e-03
4.738665152385470106e-03
4.724331840577887694e-03
5.164930618663039937e-03
5.554338997435400577e-03
5.069054011950142186e-03
4.301800262250191770e-03
3.247759828400228858e-03
2.346567904498340733e-03
2.567349085534448901e-03
2.986869463902568772e-03
2.933270104622117368e-03
2.510497630297655203e-03
2.109164899685373254e-03
1.875375334823896996e-03
1.364194029686285328e-03
1.688560489331805735e-03
1.625686634175860148e-03
1.744327912583152002e-03
1.463202284357142035e-03
1.144255984638858133e-03
1.081141233486146522e-03
7.779736215560406317e-04
8.318138768332584932e-04
8.401247887216880400e-04
7.537635738810499536e-04
6.501782952716376063e-04
4.832373695127472994e-04
4.278312902565499596e-04
3.536353232525986639e-04
3.982010826543226677e-04
3.262936276196491377e-04
3.052152279026175787e-04
2.576382685413176844e-04
1.759745256376180869e-04
1.547756779222034620e-04
1.568232938947150957e-04
1.188821744040582164e-04
1.011763186417516782e-04
8.527718285519070946e-05
7.576179098293071975e-05
6.684863910258592441e-05
6.901670307348061059e-05
6.492147112845731598e-05
5.974220719798669862e-05
6.046489518828492509e-05
5.323801528530267398e-05
5.492428726266519111e-05
5.576742325134645645e-05
5.624921524487861194e-05
4.685427137100166788e-05
4.685427137100166788e-05
4.372262341304269104e-05
4.408396740819180089e-05
4.492710339687306623e-05
4.480665539849002735e-05
3.505036752946397345e-05
3.733887949874169172e-05
3.613439951491131654e-05
3.505036752946397345e-05
3.890470347772118353e-05
3.577305551976219991e-05
3.974783946640244887e-05
3.348454355048448164e-05
3.252095956342017743e-05
3.372543954725055939e-05
2.854617561677993864e-05
2.878707161354601300e-05
3.119603158120677015e-05
3.613439951491131654e-05
2.902796761031209075e-05
2.866662361516297413e-05
2.649855964426829812e-05
2.348735968469235338e-05
2.854617561677993864e-05
2.553497565720399390e-05
2.649855964426829812e-05
2.710079963618348571e-05
2.673945564103437247e-05
2.180108770732982608e-05
2.288511969277716578e-05
2.192153570571286496e-05
2.143974371218071285e-05
2.312601568954324014e-05
2.336691168630931450e-05
2.119884771541463849e-05
2.083750372026552526e-05
1.975347173481818556e-05
1.891033574613692022e-05
2.035571172673337315e-05
1.878988774775388135e-05
1.915123174290299458e-05
1.927167974128603345e-05
1.638092778009312759e-05
1.493555179949667466e-05
1.361062381728326060e-05
1.614003178332705323e-05
1.565823978979490112e-05
1.794675175907261939e-05
1.517644779626275071e-05
1.180390384153769613e-05
1.469465580273060199e-05
1.373107181566629778e-05
1.385151981404933665e-05
1.409241581081541270e-05
1.469465580273060199e-05
1.312883182375111018e-05
1.336972782051718624e-05
1.047897585932428037e-05
1.059942385770731925e-05
1.180390384153769613e-05
1.144255984638858289e-05
1.336972782051718624e-05
1.240614383345288372e-05
1.059942385770731925e-05
9.997183865792129960e-06
8.190463890046563794e-06
1.276748782860199695e-05
1.071987185609035643e-05
1.168345584315465725e-05
1.168345584315465725e-05
1.011763186417516714e-05
9.635839870643016726e-06
9.033599878727829134e-06
8.551807885195677027e-06
1.120166384962250684e-05
1.011763186417516714e-05
7.829119894897450561e-06
1.023807986255820601e-05
9.756287869026053906e-06
8.310911888429602668e-06
1.035852786094124319e-05
7.949567893280489435e-06
8.672255883578715901e-06
6.985983906216186915e-06
7.467775899748337328e-06
6.865535907833148888e-06
9.033599878727829134e-06
7.467775899748337328e-06
6.263295915917960449e-06
6.985983906216186915e-06
7.226879902982262968e-06
7.829119894897450561e-06
6.985983906216186915e-06
6.865535907833148888e-06
8.070015891663526614e-06
7.347327901365300995e-06
7.467775899748337328e-06
5.540607925619733982e-06
6.865535907833148888e-06
6.263295915917960449e-06
7.467775899748337328e-06
6.383743914300998475e-06
