1.783712290540117457e-02
5.182413365584785658e-02
9.460098791787252548e-02
8.764460074279954716e-02
8.526674026583311305e-02
7.706279028144659426e-02
6.271466549137620639e-02
5.812101245435762759e-02
5.811020792656334394e-02
4.638196503605137438e-02
1.043185802160531972e-01
7.499206651457906991e-02
9.956084241693208270e-02
8.965049734290135575e-02
1.576680250757130364e-01
7.891857597539311819e-02
1.599600255718075237e-01
1.367448409115226415e-01
1.296681633270065914e-01
1.707472661216224985e-01
1.495899838552225691e-01
1.800070345620666257e-01
1.331704149964317019e-01
1.650418992047572309e-01
1.531760786603313385e-01
1.453172973238796017e-01
1.153592229577368317e-01
1.297563282738079804e-01
9.444669926097012946e-02
1.159693186271874982e-01
9.965289699373940102e-02
9.548436611033334076e-02
9.144664204342342617e-02
1.021017792334069363e-01
1.030010040666327065e-01
8.724094358440502572e-02
1.220959180676593203e-01
1.034825978855166695e-01
1.382992523101939097e-01
1.083087643606682610e-01
1.562532081761439373e-01
1.335625473251789985e-01
1.369615077088907062e-01
1.513578927231089277e-01
1.205204738548818627e-01
1.483898169078333162e-01
1.132684747993572272e-01
1.318604740466524927e-01
1.122773394496947436e-01
9.486764366383550195e-02
9.688535321432573122e-02
8.171594025151901475e-02
7.700660673691631097e-02
7.250659294078155848e-02
7.246222234663969586e-02
7.324447015894598734e-02
6.184209182670966781e-02
7.061882584456394274e-02
5.914484950814415803e-02
6.679560766946325556e-02
5.853345729535817249e-02
5.683887515610238500e-02
6.331093136525017817e-02
4.642921683760505708e-02
5.812533426547534382e-02
4.861475671983318814e-02
5.424866969288558854e-02
5.313465084710943670e-02
5.666441804731731785e-02
5.949333154460252626e-02
5.161164460922689629e-02
5.887761752069881754e-02
5.517728284171181247e-02
4.602455125661640556e-02
6.410326340349781216e-02
4.640731966127530084e-02
6.354488540708912170e-02
5.655507622603914153e-02
6.947801176985793359e-02
5.800417949380875376e-02
7.206951377641004908e-02
6.157241081296430107e-02
6.588485800659024672e-02
7.632246403698213222e-02
5.878628324574446118e-02
7.852601146553407629e-02
5.757790485723152801e-02
7.807769559225651024e-02
6.291087571612043183e-02
7.725107718580834226e-02
6.703734097131407166e-02
7.382632999576091426e-02
6.659882120323665222e-02
5.941121713336595250e-02
7.383396519540222358e-02
6.028119771136184607e-02
7.545478842491568083e-02
6.394436481473650402e-02
7.374709679193615364e-02
6.126657064620071730e-02
6.698014900418965134e-02
6.244844192652498904e-02
5.344221973832009864e-02
6.817282481230821367e-02
5.222188433904816074e-02
6.846829263238927987e-02
5.489333985127797799e-02
6.580677728573021412e-02
5.549695280405208403e-02
6.098925443281404124e-02
6.435767401796059495e-02
4.176079646825003183e-02
6.915834180751767590e-02
5.289752747711750497e-02
6.640995805739254021e-02
5.619204409215113744e-02
5.927565632464031065e-02
6.417875103768722056e-02
5.398532733544619822e-02
7.046626591210862489e-02
4.115502260991708156e-02
6.358349358640735804e-02
5.616971473470960818e-02
5.285949553928161182e-02
5.069455629004791797e-02
4.004244436784681893e-02
4.696901104620757744e-02
3.246141142589351741e-02
4.524864210061609049e-02
4.006117221602358003e-02
3.644223164642018675e-02
3.824601154658355956e-02
2.619377688261360568e-02
3.032485206966614374e-02
1.974721935906031955e-02
2.558512181686884226e-02
1.662586330947643867e-02
1.917141005781018009e-02
1.426644255994559581e-02
1.526521310924937834e-02
1.174797916128286421e-02
1.182620394251349474e-02
8.799495556407559843e-03
9.217270631119944130e-03
6.624183960491344947e-03
7.275336835560303542e-03
6.379137270116942704e-03
6.143742624572102150e-03
5.395348999354570782e-03
4.613245247418866837e-03
4.789142959909840555e-03
3.598051815867771026e-03
4.081374359198823923e-03
3.382681561835006699e-03
3.338310967693139744e-03
3.123949136254508541e-03
2.435484625202616153e-03
2.400766075890310453e-03
1.779145576792399638e-03
1.887046794364667440e-03
1.613908331725121600e-03
1.593019577989502385e-03
1.590858672430645136e-03
1.447374543322529298e-03
1.437578438122377039e-03
1.104222740576011512e-03
1.004965145239172493e-03
8.698365176253042980e-04
6.115362731565778497e-04
5.327352504435865516e-04
3.322032145816415627e-04
2.526818900156978481e-04
2.038454243855259318e-04
1.416113442904395653e-04
8.571592050133422915e-05
4.955676748312432613e-05
4.797210340662907193e-05
3.846411894765754672e-05
4.609931858895286057e-05
2.866801374750506097e-05
3.947254154179088661e-05
3.529479079466703832e-05
4.278593006537187020e-05
3.284576449462891265e-05
3.659133412998133536e-05
3.515073042407655635e-05
3.068485893577175091e-05
3.371012671817177734e-05
2.924425522986697529e-05
2.996455708281935802e-05
3.169328152990509079e-05
2.665116855923837103e-05
3.154922115931461560e-05
2.304965929447643029e-05
3.010861745340983659e-05
2.434620262979073072e-05
2.665116855923837103e-05
2.521056485333359541e-05
2.449026300038120591e-05
2.737147041219076054e-05
1.959221040030496473e-05
2.449026300038120591e-05
1.944815002971448615e-05
2.232935744152404417e-05
2.002439151207640046e-05
2.060063299443831139e-05
2.232935744152404417e-05
1.930408965912401096e-05
1.627882187672397775e-05
1.728724447085732441e-05
2.016845188266687565e-05
1.699912372967636725e-05
1.685506335908588867e-05
2.031251225325735423e-05
1.685506335908588867e-05
1.714318410026684583e-05
1.671100298849541009e-05
1.527039928259063447e-05
1.743130484144780299e-05
1.728724447085732441e-05
1.570258039436207021e-05
1.411791631786681431e-05
1.901596891794305719e-05
1.282137298255251557e-05
1.397385594727633573e-05
1.426197668845729289e-05
1.210107112960012607e-05
1.138076927664773656e-05
1.642288224731445632e-05
1.527039928259063447e-05
1.411791631786681431e-05
1.397385594727633573e-05
1.498227854140967901e-05
1.483821817081920043e-05
1.267731261196203700e-05
1.109264853546678279e-05
1.123670890605725968e-05
6.770837417752450846e-06
9.363924088381050015e-06
9.075803347200094552e-06
1.181295038841917061e-05
1.152482964723821514e-05
1.008422594133343783e-05
1.282137298255251557e-05
1.109264853546678279e-05
1.037234668251439498e-05
8.067380753066751277e-06
8.067380753066751277e-06
9.075803347200094552e-06
7.779260011885795814e-06
9.363924088381050015e-06
9.652044829562005478e-06
1.051640705310487017e-05
8.931742976609615973e-06
8.211441123657228162e-06
