1.844405945251422485e-01
1.930565576086416824e-01
1.939884477519169537e-01
1.917652080267874537e-01
2.211705062039120984e-01
2.355871960383298935e-01
2.153553355143104919e-01
2.156654192192345443e-01
2.032522368512537370e-01
2.078917119077488551e-01
1.744649548590669896e-01
1.754805378952800643e-01
1.819545980431147847e-01
1.660578654704271684e-01
1.651081508921810603e-01
1.474278479903117778e-01
1.639449528514104470e-01
1.227805471183103236e-01
1.267126789364504125e-01
1.375315987673538520e-01
1.196328953174508741e-01
1.216413198693970521e-01
1.085835895425850128e-01
1.208194495143902064e-01
9.364497156922170495e-02
9.346068330190808460e-02
1.031647564328813799e-01
9.259425185947409154e-02
9.716714138303207682e-02
9.061666153124184331e-02
1.003320029831737403e-01
8.042764084192348395e-02
9.468954492208284113e-02
9.810108031193615075e-02
1.003355883580241970e-01
1.005038960974329182e-01
9.244714905132378480e-02
1.110539128145518889e-01
8.742823889636859580e-02
1.052436592104594587e-01
1.028079604156199034e-01
1.084817648968319503e-01
9.465471556639266926e-02
8.430087007323459891e-02
1.019527972941444982e-01
7.465744099687478263e-02
8.083237844289968554e-02
8.308020359557516388e-02
7.758587273544897966e-02
6.405364365699893481e-02
6.035220510066558602e-02
6.991081445199165412e-02
5.342515845029562754e-02
5.304090870560777132e-02
5.957223241176839296e-02
5.040698990117849221e-02
4.478870751050784832e-02
4.468042919002395558e-02
4.675707830341032517e-02
3.741799633221384869e-02
3.659909671636880218e-02
3.800773927547376752e-02
3.575294825166026869e-02
3.161808909554703756e-02
3.110036096714063197e-02
3.171581617004243236e-02
2.522188280160803445e-02
2.320290700367334813e-02
2.755524475428733355e-02
2.262412506352768152e-02
2.293185266497858171e-02
2.212340185584059718e-02
2.155558091880918972e-02
1.965461517309535777e-02
1.658051477631104775e-02
1.841274376417749437e-02
1.353192176060572308e-02
1.305496446621311375e-02
1.526652611325821779e-02
1.334599446478901622e-02
1.281781752967555386e-02
1.146305803260892417e-02
1.063606571352998867e-02
9.350760049280837718e-03
7.867131936160535674e-03
9.400443100780067965e-03
7.046900609656753939e-03
8.605104519666622806e-03
6.671665521735765936e-03
7.141349627146011299e-03
7.018627367978841347e-03
6.627206873590063205e-03
6.936778382106914900e-03
6.186205766983495988e-03
6.929505193124552674e-03
5.259540027061777347e-03
4.563669988228232985e-03
6.135498322669849687e-03
4.296201024383925794e-03
4.380406113729012202e-03
4.739353355900768026e-03
4.151966516113996149e-03
4.114473739106329526e-03
3.523399085187656384e-03
3.149085950799643697e-03
3.127881019541209253e-03
2.298020400581906632e-03
2.001151362963827889e-03
2.387654771843404199e-03
1.667301744745291201e-03
1.889902303318129455e-03
1.471130520784414255e-03
1.383237617307426148e-03
1.206017660413265724e-03
1.055329477412508647e-03
1.066085601963888277e-03
7.607141039861472836e-04
8.645875353680423188e-04
6.258015703274137078e-04
6.029576105659119507e-04
6.269284024232724519e-04
4.783914443327912580e-04
4.705036196617794534e-04
4.193864182223655383e-04
3.793326591786565032e-04
2.977909911510544390e-04
2.631665140237560217e-04
2.573274749815784943e-04
1.942248776134844100e-04
1.927907276733004430e-04
1.715857964148662432e-04
1.463857331802052571e-04
1.346052158144084884e-04
1.293808124608812171e-04
1.132978452745325612e-04
1.014148886272940651e-04
1.059222170107293665e-04
8.768802491410477380e-05
9.024900695014755254e-05
8.533192144094542278e-05
7.928800383588445412e-05
6.853187928450478342e-05
6.955627209892189492e-05
7.170749700919783177e-05
5.767331545168339886e-05
5.582940838573259004e-05
5.736599760735826406e-05
5.378062275689837382e-05
4.230742323542671288e-05
4.271718036119356155e-05
4.927329437346307918e-05
4.210254467254329194e-05
4.159034826533474297e-05
4.179522682821816391e-05
4.210254467254329194e-05
3.329276646855613715e-05
3.575130922315720202e-05
3.698058060045774124e-05
3.308788790567270943e-05
3.523911281594864628e-05
3.196105580981388407e-05
3.595618778604062297e-05
3.206349509125559793e-05
3.216593437269731179e-05
3.196105580981388407e-05
2.540494179754436982e-05
3.001470946242137494e-05
2.837568095935399723e-05
2.919519521088768778e-05
2.509762395321924180e-05
2.479030610889410699e-05
2.837568095935399723e-05
2.325371688726843636e-05
2.315127760582672589e-05
2.940007377377110872e-05
1.987322059969197046e-05
2.591713820475292896e-05
2.438054898312726172e-05
2.284395976150159447e-05
2.499518467177752794e-05
1.966834203680854613e-05
2.192200622852619345e-05
1.946346347392512518e-05
1.987322059969197046e-05
1.731223856364918833e-05
1.966834203680854613e-05
1.936102419248341132e-05
1.475125652760641129e-05
1.833663137806630322e-05
2.007809916257539140e-05
1.895126706671656605e-05
1.751711712653261267e-05
1.280491018021389708e-05
1.690248143788234645e-05
1.382930299463100857e-05
1.311222802453903019e-05
1.639028503067378731e-05
1.341954586886416499e-05
1.321466730598074235e-05
1.382930299463100857e-05
1.577564934202352109e-05
1.290734946165560755e-05
1.382930299463100857e-05
1.260003161733047613e-05
1.198539592868020822e-05
1.044880670705454098e-05
1.219027449156363086e-05
1.434149940183956601e-05
1.003904958128769570e-05
1.178051736579678558e-05
1.208783521012191869e-05
1.157563880291336294e-05
7.478067545244916117e-06
1.034636742561283051e-05
1.014148886272940787e-05
8.502460359662028459e-06
8.707338922545449403e-06
9.219535329754006845e-06
9.731731736962562592e-06
9.219535329754006845e-06
9.219535329754006845e-06
1.065368526993796192e-05
8.707338922545449403e-06
8.195142515336893655e-06
9.117096048312296373e-06
1.003904958128769570e-05
7.375628263803205645e-06
7.375628263803205645e-06
9.117096048312296373e-06
6.760992575152938579e-06
6.453674730827803775e-06
6.965871138036360369e-06
8.092703233895183183e-06
7.170749700919783007e-06
6.760992575152938579e-06
7.375628263803205645e-06
6.658553293711227260e-06
6.863431856594649897e-06
6.658553293711227260e-06
7.990263952453471017e-06
6.658553293711227260e-06
6.658553293711227260e-06
5.224403353527270489e-06
5.224403353527270489e-06
6.658553293711227260e-06
5.839039042177536708e-06
6.965871138036360369e-06
4.712206946318713894e-06
5.429281916410692280e-06
7.785385389570050074e-06
5.019524790643847851e-06
5.736599760735826236e-06
6.248796167944381984e-06
4.200010539110158147e-06
5.429281916410692280e-06
