0.000000000000000000e+00
0.000000000000000000e+00
0.000000000000000000e+00
0.000000000000000000e+00
0.000000000000000000e+00
0.000000000000000000e+00
0.000000000000000000e+00
1.392077774889841814e-06
0.000000000000000000e+00
0.000000000000000000e+00
0.000000000000000000e+00
0.000000000000000000e+00
8.352466649339050886e-06
2.784155549779683629e-06
8.352466649339050886e-06
9.744544424228892700e-06
9.744544424228892700e-06
1.113662219911873451e-05
4.176233324669525104e-05
6.821181096960225059e-05
1.002295997920686106e-04
1.447760885885435351e-04
2.157720551079254727e-04
3.006887993762058183e-04
4.607777434885376049e-04
6.612369430726749075e-04
8.213258871850065857e-04
9.828069090722284327e-04
1.387901541565172243e-03
2.031041473564279293e-03
2.484858828178367843e-03
3.318713415337382587e-03
3.563719103717995045e-03
3.970205813985828482e-03
4.055122558254109152e-03
5.903801843307819597e-03
6.033265076372574393e-03
6.438359708865518637e-03
7.092636263063743784e-03
7.291703384872991189e-03
7.465713106734221845e-03
8.189593549676939602e-03
8.708838559710850580e-03
9.510675358047400441e-03
9.798835457449597830e-03
9.548261457969425131e-03
1.008281932352712504e-02
1.092085014401080953e-02
1.115193505464252312e-02
1.179646706441651871e-02
1.173660772009625652e-02
1.218764091916056495e-02
1.231571207445042969e-02
1.269714138477024724e-02
1.393887475997198505e-02
1.391520943779885923e-02
1.387205502677727256e-02
1.361173648287287465e-02
1.392356190444819786e-02
1.512074879085346067e-02
1.643208605479969109e-02
1.777404902979350110e-02
1.790908057395781267e-02
1.757219775243447357e-02
1.704877650907589415e-02
1.750537801923976108e-02
1.920232082683047750e-02
2.096329921206612976e-02
2.319340780743965602e-02
2.375998346181982038e-02
2.488478230393081220e-02
2.296649913013260741e-02
2.263657669748371515e-02
2.433908781617399528e-02
2.736407282100961763e-02
2.974870204939591978e-02
3.260246148792009940e-02
3.436065571760596460e-02
3.419639054016896523e-02
2.756731617614353869e-02
3.919394975202349779e-02
4.030621989416047907e-02
4.576038061617888203e-02
5.111013550508054781e-02
5.512906404118751019e-02
5.319268385631574503e-02
3.557454753730990987e-02
6.333675460193802231e-02
6.976536976637930099e-02
7.717679183989283043e-02
8.893567280438732792e-02
1.042053739171539956e-01
1.098516413721071922e-01
1.081714034978151634e-01
9.267340162996655362e-02
1.846925267057348552e-01
1.682701851953594119e-01
1.714677878442813774e-01
1.685931472391338504e-01
1.380440004691762534e-01
1.289620850657949569e-01
1.073431172217556989e-01
1.745832579044848398e-01
1.607641018331533722e-01
1.686530065834541126e-01
1.662210467107215484e-01
1.394987217439361549e-01
1.322947192588812271e-01
1.123295398114111110e-01
1.597339642797349080e-01
1.587595098373120184e-01
1.598884849127476804e-01
1.743452126049786777e-01
1.251756335180945756e-01
1.255723756839381700e-01
1.126232682219128756e-01
1.451742228321620531e-01
1.536714655700896215e-01
1.506283835541804561e-01
1.513230303638504748e-01
1.080461164980750788e-01
1.071259530888728773e-01
1.177795243001048403e-01
1.254415203730985251e-01
1.215089006590347326e-01
1.227353211787126780e-01
1.208198221604642603e-01
1.322098025146129507e-01
1.068906919449165022e-01
1.284776420001332853e-01
1.349675085866697266e-01
1.279500445234500461e-01
1.145944503511568957e-01
1.225640956124012387e-01
1.235733519991963764e-01
1.219557576247743691e-01
1.208072934604902532e-01
1.284149985002632499e-01
1.200541793842748450e-01
1.030193236529478584e-01
1.035733706073540122e-01
1.066275892454623259e-01
7.260381634937969342e-02
6.538728516435075855e-02
6.077533149614071373e-02
4.881042302096252200e-02
3.849791086457857864e-02
3.497734617188216766e-02
2.081017065682824393e-02
1.474627986940809515e-02
1.258438308500417144e-02
1.081644431089407062e-02
9.640138591112155236e-03
9.556613924618765493e-03
9.804403768549154602e-03
8.939923470342564168e-03
8.010015516716149572e-03
7.180337162881803709e-03
5.894057298883590042e-03
5.534901232962010850e-03
5.186881789239550407e-03
5.136766989343516041e-03
5.888488987784030668e-03
5.394301377698137306e-03
4.914034545361141947e-03
4.081572035977015962e-03
3.228228359969542976e-03
2.934499949467786212e-03
2.920579171718888211e-03
3.111293826878796555e-03
2.704807116610962684e-03
2.186954184351941333e-03
1.869560451677057663e-03
1.458897508084554045e-03
1.176305719781916463e-03
1.262614541825086544e-03
1.186050264206145151e-03
1.052410797816720391e-03
8.616961426568121559e-04
7.210962873929380700e-04
6.236508431506491328e-04
4.677381323629868767e-04
4.482490435145290676e-04
4.454648879647493806e-04
4.176233324669525646e-04
3.354907437484518518e-04
2.979046438264261313e-04
2.366532217312730983e-04
1.767938774110099087e-04
2.422215328308324723e-04
2.491819217052816627e-04
2.283007550819340372e-04
1.698334885365606912e-04
1.726176440863404053e-04
1.225028441903060661e-04
8.909297759294987611e-05
9.048505536783971962e-05
1.085820664414076581e-04
7.099596651938193761e-05
7.934843316872098511e-05
9.048505536783971962e-05
6.403557764493272007e-05
3.619402214713588378e-05
4.593856657136478156e-05
4.037025547180540753e-05
5.707518877048350930e-05
3.480194437224604705e-05
5.289895544581398555e-05
3.062571104757651653e-05
2.505739994801715266e-05
3.480194437224604705e-05
3.340986659735620354e-05
2.784155549779683629e-05
2.644947772290699278e-05
3.619402214713588378e-05
2.784155549779683629e-05
2.784155549779683629e-05
2.088116662334762552e-05
2.505739994801715266e-05
1.392077774889841814e-05
6.960388874449209071e-06
1.392077774889841814e-05
1.531285552378825826e-05
1.113662219911873451e-05
1.252869997400857633e-05
4.176233324669525443e-06
8.352466649339050886e-06
1.392077774889841814e-06
5.568311099559367257e-06
2.784155549779683629e-06
2.784155549779683629e-06
0.000000000000000000e+00
0.000000000000000000e+00
1.392077774889841814e-06
0.000000000000000000e+00
4.176233324669525443e-06
0.000000000000000000e+00
0.000000000000000000e+00
0.000000000000000000e+00
0.000000000000000000e+00
1.392077774889841814e-06
0.000000000000000000e+00
0.000000000000000000e+00
0.000000000000000000e+00
0.000000000000000000e+00
0.000000000000000000e+00
0.000000000000000000e+00
0.000000000000000000e+00
0.000000000000000000e+00
0.000000000000000000e+00
0.000000000000000000e+00
0.000000000000000000e+00
0.000000000000000000e+00
0.000000000000000000e+00
0.000000000000000000e+00
