0.000000000000000000e+00
0.000000000000000000e+00
0.000000000000000000e+00
0.000000000000000000e+00
0.000000000000000000e+00
0.000000000000000000e+00
0.000000000000000000e+00
0.000000000000000000e+00
0.000000000000000000e+00
0.000000000000000000e+00
0.000000000000000000e+00
0.000000000000000000e+00
0.000000000000000000e+00
0.000000000000000000e+00
0.000000000000000000e+00
0.000000000000000000e+00
0.000000000000000000e+00
1.917387163886057156e-07
0.000000000000000000e+00
1.917387163886057156e-07
0.000000000000000000e+00
0.000000000000000000e+00
0.000000000000000000e+00
0.000000000000000000e+00
0.000000000000000000e+00
1.917387163886057156e-07
0.000000000000000000e+00
1.917387163886057156e-07
0.000000000000000000e+00
0.000000000000000000e+00
0.000000000000000000e+00
0.000000000000000000e+00
1.917387163886057156e-07
0.000000000000000000e+00
5.752161491658171203e-07
5.752161491658171203e-07
7.669548655544228624e-07
1.917387163886057156e-07
1.150432298331634241e-06
9.586935819430286044e-07
9.586935819430286044e-07
1.150432298331634241e-06
1.342171014720240089e-06
9.586935819430286044e-07
1.150432298331634241e-06
2.492603313051874117e-06
2.300864596663268481e-06
1.342171014720240089e-06
3.259558178606297086e-06
2.684342029440480177e-06
2.684342029440480177e-06
4.793467909715142599e-06
4.026513044160720054e-06
5.176945342492354718e-06
7.286071222767016716e-06
8.053026088321440108e-06
8.819980953875862652e-06
9.395197103041679561e-06
1.265475528164797707e-05
1.783170062414033094e-05
1.763996190775172530e-05
2.454255569774153160e-05
2.607646542885037668e-05
3.067819462217691534e-05
3.968991429244137685e-05
4.640076936604257751e-05
4.409990476937930987e-05
6.116465052796522166e-05
6.806724431795502456e-05
7.516157682433343649e-05
8.513199007654094312e-05
9.165110643375352798e-05
1.307658045770291049e-04
1.430370824258998656e-04
1.508983697978326865e-04
1.585679184533769119e-04
2.181986592502333021e-04
2.183903979666218975e-04
2.858824261354110815e-04
3.445544733503244400e-04
4.089786820568959338e-04
4.245095180843730344e-04
3.813683068969367764e-04
5.568092323925109572e-04
4.647746485259801976e-04
5.765583201805373750e-04
6.358055835446164115e-04
6.789467947320527779e-04
7.176780154425511232e-04
7.491231649302825153e-04
8.380899293345955847e-04
9.107589028458770632e-04
9.479562138252665363e-04
1.076804631238409632e-03
1.045359481750678457e-03
1.330858430453312185e-03
1.188396564176578052e-03
1.374574857789914338e-03
1.462199451179507130e-03
1.400267845785987432e-03
1.871945088101957446e-03
1.638407331540635802e-03
2.117370645079373094e-03
2.154759694775150621e-03
2.175083998712343258e-03
2.570257493189259668e-03
2.502381987587692751e-03
2.696805046005739184e-03
3.157553181487558931e-03
3.063217733024364755e-03
3.956528412678878871e-03
3.811573943089092455e-03
4.136379328651390748e-03
5.038509989259780039e-03
5.363890590971244661e-03
5.561381468851508622e-03
6.547301948521719664e-03
6.554204542311708667e-03
7.333622424431391652e-03
6.641253919552135565e-03
7.862437804231165936e-03
8.630734840800308866e-03
8.821898341039748417e-03
9.275360405298801320e-03
1.011613467666283746e-02
1.037766628581689513e-02
1.064552527261177807e-02
1.157871760527512048e-02
1.246761829445269809e-02
1.315864462831723217e-02
1.290459082910232896e-02
1.447435570017584390e-02
1.518206330236618676e-02
1.517209288911398023e-02
1.627900049882539946e-02
1.679362721361241789e-02
1.756058207916684141e-02
1.839713809877032910e-02
1.945956232627959331e-02
1.927012447448765015e-02
2.022076503034235528e-02
1.968888183108036261e-02
2.114168608515683279e-02
2.141472201729420488e-02
2.225913932426962574e-02
2.376160390589074009e-02
2.443978374575724033e-02
2.550700144117621498e-02
2.451590401616351306e-02
2.540825600223608691e-02
2.644364507073455883e-02
2.622007772742544068e-02
2.683901030392786199e-02
2.844616422469715272e-02
2.993424840258912187e-02
2.931454887122115008e-02
3.105323555143302272e-02
3.230816545019644936e-02
3.392030457759184769e-02
3.404359257222971946e-02
3.640370443225706548e-02
3.903992004388400633e-02
3.907884300331089522e-02
4.066107089094966875e-02
4.408935913997793360e-02
4.424562619383465290e-02
4.645694880994443582e-02
4.863203280865678602e-02
5.051644091332400249e-02
5.312466267235819994e-02
5.431056663322173655e-02
5.710343277613816326e-02
5.632439837145125638e-02
6.030834542057370712e-02
6.054955272579057302e-02
6.393278237646751738e-02
6.573244196849097054e-02
6.854390676689710304e-02
7.177777195750732753e-02
7.084783918302257899e-02
7.543039450471025753e-02
7.561887366292026347e-02
8.068135099172861480e-02
8.333233048451749170e-02
8.626650806141231143e-02
8.954945836341803023e-02
9.016858267863683829e-02
9.580665963404376428e-02
9.611919374175720288e-02
1.014441613733015612e-01
1.042811274209873712e-01
1.071012204616309804e-01
1.106842418547848567e-01
1.161238692387295962e-01
1.194177486475694605e-01
1.279890444862893106e-01
1.323702741557689355e-01
1.371353647354585648e-01
1.448152672816877817e-01
1.473945364945473124e-01
1.460663624061234456e-01
1.547433062775734058e-01
1.603294220408390536e-01
1.627065986466249836e-01
1.672546409993626859e-01
1.729109331328265442e-01
1.745708152006027469e-01
1.669396142883362300e-01
1.700350441257138523e-01
1.582038066309549573e-01
1.571595975815026081e-01
1.551612966793005643e-01
1.460165103398624042e-01
1.334721965588542558e-01
1.239236084827016887e-01
1.189010128069021704e-01
1.041309960060550904e-01
1.069374755978351188e-01
9.324292125721174440e-02
9.805652173214766953e-02
8.375588130901989725e-02
7.959361725365604601e-02
9.043797557516281005e-02
7.685443795132843037e-02
7.591779432177009346e-02
8.379135297155179685e-02
6.988684473648289208e-02
7.332088514700281501e-02
6.263030127603971819e-02
6.574528846248901826e-02
6.468094684781586223e-02
5.890079150356494764e-02
6.319324614735667700e-02
5.978585741841475898e-02
5.956842571403007935e-02
5.553942006655630120e-02
5.732949272276032654e-02
5.605941546540219728e-02
5.472894051238166857e-02
5.811217016305861988e-02
5.716191308463668130e-02
5.696979089081530279e-02
5.597044870099789071e-02
5.944782206142164294e-02
6.127049029941172842e-02
7.033493811668306561e-02
8.473432397875096944e-02
1.028714643780983401e-01
1.196229090741052770e-01
1.437167961754974577e-01
1.590599199996300672e-01
1.670884035322537653e-01
1.462011547237446474e-01
1.117104274648966777e-01
7.824435190642944904e-02
