3.124382436273439451e-03
3.810771257417594092e-04
3.315287842738602522e-04
4.306743796888963484e-04
5.031626739193272762e-04
5.299667125416460079e-04
6.147809515400044431e-04
6.269601588702184954e-04
7.290894155187609312e-04
6.447153888335426441e-04
7.935071506749535701e-04
8.803757138013000496e-04
9.915537791088367432e-04
1.123519648092441816e-03
1.134916255754851028e-03
1.305180595981659392e-03
1.162209419169547798e-03
1.443798562141606311e-03
1.591563161919023160e-03
1.820913777065103411e-03
2.058090388889232715e-03
2.052905666090024984e-03
2.449585872708645150e-03
2.253642480881987587e-03
2.848760615768393401e-03
3.187919746803351360e-03
3.906786454161410502e-03
4.555561578771691669e-03
4.480432010662418335e-03
6.267155964740294544e-03
5.614125454436324700e-03
7.853387666422396302e-03
8.928092660235505476e-03
1.097405275427376301e-02
1.169135426229621182e-02
1.094998781448876073e-02
1.467697199497199241e-02
1.121049567890932547e-02
1.454549525078076451e-02
1.503104943217448142e-02
1.604163016570682443e-02
1.583849663943220909e-02
1.382873178002993163e-02
1.696861947222175551e-02
1.461470640890226262e-02
1.562127631913710381e-02
1.828764229982771453e-02
1.776090381091576312e-02
2.070391877417541299e-02
1.770949679523682943e-02
2.132403118595233710e-02
2.065534868229226828e-02
1.992234626843448347e-02
2.340574630231343281e-02
2.156042519810866254e-02
2.450153257467803727e-02
2.000999743122863772e-02
2.266467332938140733e-02
2.422273144302253267e-02
2.179427576134461766e-02
2.543571201564092180e-02
2.372759041569820482e-02
2.746778096557564441e-02
2.287607306464721144e-02
2.576435496363975453e-02
2.862299590021418275e-02
2.558450377748233695e-02
2.906193648889426884e-02
2.764973538834028521e-02
3.079945448885891210e-02
2.735454857614011762e-02
2.912875093553311465e-02
3.287393055829281041e-02
2.970019543046842347e-02
3.310171597410328098e-02
3.300340189083528220e-02
3.567730039332851766e-02
3.173627520370064098e-02
3.457334573693120194e-02
3.901787598783306582e-02
3.475755013374078051e-02
3.859639715424087458e-02
3.830346031608564822e-02
4.136063700588633874e-02
3.704670307454942246e-02
4.015611829217608647e-02
4.713177151867602860e-02
4.351009590599180105e-02
4.368197435803345546e-02
5.142310788460507931e-02
4.477790736783576753e-02
4.927976304440434552e-02
4.726544932443295377e-02
4.606117517311889009e-02
5.487041050880652610e-02
4.703404438515888797e-02
5.125064248281257367e-02
5.511257619351291048e-02
5.568671087480629722e-02
5.156896489769222103e-02
5.676302998043425418e-02
6.359600550499751315e-02
6.600832006852694334e-02
6.543619079888231271e-02
7.259301584847908939e-02
8.391870041599344687e-02
7.584652722994034146e-02
7.572991987943740455e-02
8.580779818911606072e-02
7.841066612902392041e-02
8.849930518413490210e-02
8.405042172258085642e-02
7.956671257580950896e-02
6.981537397752246576e-02
6.825589740198344246e-02
7.404072740895971394e-02
6.411946685780053889e-02
6.375912862325559816e-02
6.574908392856657069e-02
6.201500743859385267e-02
5.413584289561313573e-02
5.695305496227313913e-02
6.029485336875863022e-02
5.513277704743812374e-02
5.458119101907336901e-02
5.685987668932512146e-02
5.550847380046373264e-02
4.850459807344357360e-02
5.256017628944639059e-02
5.504718020877196610e-02
5.202898676492380414e-02
5.128522360563370075e-02
5.520663489108721539e-02
5.342827497095900546e-02
4.847339191168985317e-02
5.251292683450266979e-02
5.522952593137050309e-02
5.292535685943586948e-02
5.098245535915166965e-02
5.759615623929183192e-02
5.454000671155512930e-02
4.977813229535837242e-02
5.554002234957211570e-02
5.654580966013914717e-02
5.515557026276295127e-02
5.171868599663915350e-02
5.902557453253751835e-02
5.566156986047807176e-02
5.108453570332097127e-02
5.800437979101057823e-02
5.684275732159188577e-02
5.610099957395053155e-02
5.180775562133120571e-02
5.719140547359897325e-02
5.425885778089622330e-02
4.829818741106002566e-02
5.615881412440961590e-02
5.297226392702492764e-02
5.422999941814590774e-02
4.972251880646498534e-02
5.508958732827114180e-02
5.232510291422948906e-02
4.646749113814736126e-02
5.572271045952532920e-02
5.101874841874612376e-02
5.456994114884867325e-02
4.912221594877937136e-02
5.307649642028069298e-02
5.091725502432767336e-02
4.452806242388904906e-02
5.475869440622737477e-02
4.997295070016256197e-02
5.479709070242905211e-02
4.896163627944164626e-02
5.275313602003954550e-02
5.039951643159547995e-02
4.382523900972098985e-02
5.312472412480916811e-02
4.621202125908829145e-02
5.429749863949408228e-02
4.825812809056426178e-02
4.668808641950987492e-02
5.379756418920445676e-02
4.604821336612087423e-02
4.293283082602718931e-02
5.351362724722898145e-02
4.409528480759292851e-02
5.350619255038482902e-02
4.481786886337306430e-02
4.614740787401514638e-02
5.038269053873767334e-02
4.168976907867754517e-02
4.905398304024263106e-02
4.550425768451721309e-02
4.948451068249381385e-02
4.437765655023279132e-02
4.326440852278028854e-02
4.701531090561080622e-02
4.048128845414903504e-02
4.495276948111093240e-02
4.381633693849971284e-02
4.755598945110552783e-02
4.354423681649978450e-02
4.242477690418408609e-02
4.781654622800533827e-02
4.139546269110366133e-02
4.633904696766887737e-02
4.756704367141327550e-02
5.019530683077762928e-02
4.855713007614498311e-02
4.563881591490042550e-02
5.215943634705103721e-02
4.528111895423433952e-02
4.965658478445241636e-02
5.346535063022126583e-02
5.516877663215715571e-02
5.550622382641879488e-02
5.140750480372822256e-02
5.873209965711067432e-02
5.291205266508318406e-02
5.647855500118716815e-02
6.374117774337531572e-02
6.401787563842360751e-02
6.783500551814211632e-02
6.260728864968445606e-02
7.126949307278324097e-02
6.841892269528306036e-02
7.161256520215722454e-02
8.060556472234131631e-02
8.325021356225033309e-02
8.849490306100349368e-02
8.129977954016351371e-02
8.751371872749307002e-02
9.115897015516992441e-02
8.869226491472805007e-02
1.057859535963608794e-01
1.123935404165963270e-01
1.264054494313718302e-01
1.200457510559135993e-01
1.179798835828255593e-01
1.312237199361298012e-01
1.115094473543729314e-01
1.478094036083987262e-01
1.580464920379964777e-01
1.840068882184213439e-01
1.895197159283561750e-01
1.761610330738015706e-01
2.208977561341191054e-01
1.601322179776550614e-01
2.234040315702643942e-01
1.842075272082548398e-01
1.752928854798097291e-01
1.310411296511350410e-01
1.100705889526343573e-01
1.077968923552648645e-01
