2.499932294230549062e-03
2.426780973149182728e-04
2.809932172900555213e-04
3.189792503451608849e-04
3.338821865808891116e-04
3.623717113722181343e-04
3.916134348379057199e-04
4.242400523382066214e-04
4.689488610453913017e-04
5.190640977245278677e-04
5.608111241514259371e-04
6.199057325057172373e-04
6.660249137273241415e-04
7.137425171319430189e-04
7.777734292867121303e-04
8.371030997267406033e-04
9.395431566909418376e-04
1.031170357711239409e-03
1.124960129920317495e-03
1.214894883923308463e-03
1.303184203326139979e-03
1.372245444115681966e-03
1.457667006072521556e-03
1.684219844305879154e-03
1.909174260356224671e-03
2.361104626394254329e-03
2.782617958537911187e-03
3.127171963811262341e-03
3.031125595579108132e-03
3.220961736020340211e-03
3.668755009349398098e-03
4.097555266150903520e-03
4.629124666836641547e-03
5.075789642154162132e-03
5.682531897858604519e-03
6.518177612653774933e-03
7.817882897111006965e-03
9.249881123421045681e-03
1.136779051591175864e-02
1.356331740911284264e-02
1.587327252565071817e-02
1.699776253139955937e-02
1.674690427350099611e-02
1.789363115256056153e-02
1.988719270169638301e-02
2.170116681732910807e-02
2.348190315403861708e-02
2.494196779338565470e-02
2.508474450426233238e-02
2.514492039821101393e-02
2.757781298558936028e-02
3.095636034388780933e-02
3.191828141114091966e-02
3.190666934410550659e-02
3.122136933934774664e-02
2.966554040627143382e-02
2.720260688433590035e-02
2.883473697044244832e-02
3.183295387401837567e-02
3.240641133838245008e-02
3.231060003223603511e-02
3.134223826383372713e-02
3.004634098516544005e-02
2.853202401643029421e-02
3.022780891535443298e-02
3.383417844714921990e-02
3.533020758561403185e-02
3.587804328263276971e-02
3.514507268688753239e-02
3.462751298651172566e-02
3.363912392840462395e-02
3.506082643535938376e-02
3.836170928053031504e-02
3.997498738736075113e-02
4.006332371918074065e-02
3.880983164077940473e-02
3.887212309349971640e-02
3.815739331560767666e-02
3.961816314121193588e-02
4.262639368964025316e-02
4.432043912912993905e-02
4.461530100947848354e-02
4.267091444867884831e-02
4.271783284099196082e-02
4.174030365124591774e-02
4.205274817560758494e-02
4.590381733865462471e-02
4.843285031909942695e-02
4.924151090645198514e-02
4.979569327978562721e-02
4.797001307228319217e-02
4.795689660789907022e-02
4.686122521386158757e-02
4.656109794279253422e-02
5.039806338069535707e-02
5.259001733019324359e-02
5.246736193385565655e-02
5.004650452526704374e-02
5.028274192143276922e-02
4.989771022499549930e-02
4.993480302212480182e-02
5.439802086884824861e-02
5.861287211578192907e-02
5.921138719848557247e-02
5.740629842969371260e-02
5.772052942590698288e-02
6.237414756207742411e-02
7.187775470084302454e-02
8.325565288644147521e-02
9.315642092526839335e-02
1.016359565813120119e-01
9.029214239814542520e-02
7.631638505339836953e-02
6.190816048331231752e-02
6.320584423383221462e-02
6.240367136004599385e-02
6.282161174848645280e-02
5.986697535560617234e-02
5.687675056294531906e-02
5.471765829303346096e-02
5.209887860825426764e-02
5.011255697135915538e-02
5.124621439845174209e-02
5.255174922263524534e-02
5.178224997876648000e-02
5.057012882745487437e-02
4.949490783487651285e-02
4.826590922580897836e-02
4.836491737632141880e-02
5.055198203443597021e-02
5.204269876976311965e-02
5.199784892380449747e-02
5.253190998259904543e-02
5.225566501944087228e-02
5.179593059215637646e-02
5.344667759545330965e-02
5.565292331976399998e-02
5.549068346818829267e-02
5.595671755937053904e-02
5.614533137696593734e-02
5.473538197429803770e-02
5.393772229255797829e-02
5.636549052646725594e-02
5.776260553925391394e-02
5.814453441615945878e-02
5.817927659243139066e-02
5.790909623108524140e-02
5.586471425901306381e-02
5.371601173329079715e-02
5.683556768552418259e-02
5.824358957908904594e-02
5.814843644678268503e-02
5.822845158076757344e-02
5.747902663902075548e-02
5.517946126667245405e-02
5.274539336886541890e-02
5.730776040335274629e-02
5.887223962118418030e-02
5.859486636001447202e-02
5.798422207368680165e-02
5.642547837074734368e-02
5.390100559476584952e-02
5.074698954076341945e-02
5.641640497423789508e-02
5.821448889287479667e-02
5.752759046593403092e-02
5.574586686846442346e-02
5.355640457707535468e-02
5.112656779681158670e-02
4.874919687408432734e-02
5.551465980093346630e-02
5.806113438813995109e-02
5.842750215496969601e-02
5.662946524874994808e-02
5.386353669829937324e-02
5.177797184880605919e-02
5.075977691822751436e-02
4.984806511248783545e-02
5.705953484081443400e-02
5.845754308952689354e-02
5.678004602087309560e-02
5.419859419530894534e-02
5.291402690917317714e-02
5.282893443413635981e-02
5.326191879606399088e-02
6.051631086124616837e-02
6.231157403485422519e-02
6.058147007141247153e-02
5.729224630569409310e-02
5.806160451231142522e-02
6.095818057001465423e-02
6.368884980760468328e-02
6.886327150093410343e-02
6.907398115458879273e-02
6.616287825998699856e-02
6.286636756961078154e-02
6.635567618270853119e-02
7.107238498269077831e-02
7.478533166415873845e-02
7.926185402493490795e-02
7.682966662381378320e-02
7.530872090426084242e-02
7.231877818610285558e-02
7.728672134332086052e-02
8.573551087855009467e-02
9.086804450820117063e-02
9.577073443041857204e-02
8.959226854407197072e-02
8.974858483108710816e-02
9.748170434008132657e-02
1.110129592806996524e-01
1.225855358857055044e-01
1.277785744962252890e-01
1.275271050769038184e-01
1.117846210957571945e-01
1.162727085111516095e-01
1.361062130324656450e-01
1.597231828609687598e-01
1.859206642666930975e-01
1.953645186232643438e-01
1.848565382045615213e-01
1.443823729719296012e-01
1.401521016521715401e-01
1.539100504682746617e-01
1.544374827762514391e-01
1.569929837475502188e-01
1.530748748776509516e-01
1.476000908511667653e-01
1.337613276899872472e-01
1.087908703718102749e-01
8.883856547236472501e-02
8.741216172369523085e-02
9.652711720990321542e-02
8.853933143722148014e-02
8.039635767553615642e-02
7.080483731670489389e-02
5.994149003678481830e-02
4.952132881331335751e-02
4.373536959773045157e-02
4.438216643284448315e-02
4.335113711238468975e-02
4.184800909893061915e-02
3.837050060253687639e-02
3.433424952834619737e-02
3.044528835707834002e-02
2.671598135444308228e-02
2.589190069426617127e-02
2.381249447141918843e-02
2.329357141094609909e-02
2.097962023895069347e-02
1.880087677867123622e-02
1.680407137275224255e-02
1.523376261519453212e-02
1.422840207449722026e-02
1.251677399099440126e-02
