2.169462071160091748e-03
9.123772231785934675e-04
1.569736430546202167e-03
2.972882405366324317e-03
6.666310600044847087e-03
1.373428929889590824e-02
2.655519173548761061e-02
4.429564494822054582e-02
5.582067556708846662e-02
5.534084457264108053e-02
4.265540205206906632e-02
3.344151952832220831e-02
2.934061780986519860e-02
2.705513137585345215e-02
2.826543627768156666e-02
3.176635994574329019e-02
4.217153250111922713e-02
2.055165032579178153e-01
1.488435239956247269e-01
1.616313607508526040e-01
9.509185140669787484e-02
7.296948025221242085e-02
1.205432551681095005e-01
9.499913288032911518e-02
7.628951024360187960e-02
5.950972865888932983e-02
4.975122996346827142e-02
4.313767300773668767e-02
4.225592150470167813e-02
4.228006870712257975e-02
3.764102933471404761e-02
3.371496345817561607e-02
3.666664344190408154e-02
3.656559539274902015e-02
3.502707363850300626e-02
3.515268957304797798e-02
3.401322768320035050e-02
3.279762217596276369e-02
3.482497754019288350e-02
3.691694980846220442e-02
3.593347716352172233e-02
3.491702297381123199e-02
3.362283388796347139e-02
3.123823454645409392e-02
3.305415465046216555e-02
3.470121261071153901e-02
3.607255495307486182e-02
3.620784659590695065e-02
3.538196179115583873e-02
3.345270969529774707e-02
3.322814912644273672e-02
3.640152903483696856e-02
3.859850377217000778e-02
4.025565812367550012e-02
4.056342978379973846e-02
3.730675464754247550e-02
3.538356038643805657e-02
3.797976326135707459e-02
4.079362750443941282e-02
4.197583078393798267e-02
4.265801028647690091e-02
4.165585931771258882e-02
3.703179625900063915e-02
3.618664417426908225e-02
3.947857254332899635e-02
4.138645394436162028e-02
4.262351428301847100e-02
4.354699753657879924e-02
4.270184545184724928e-02
3.815316878118104466e-02
3.610881782500311582e-02
3.806591913340935662e-02
3.807542656850886748e-02
3.843233399941292650e-02
3.954571354518223586e-02
3.944592754493418674e-02
3.781199489331778241e-02
3.480040965480298010e-02
3.778927801299149930e-02
3.951592919097665635e-02
4.066111236920275790e-02
4.302072314235323020e-02
4.419299830378326660e-02
4.567927123327882727e-02
4.555357116214005242e-02
4.040962809033141895e-02
4.320456159980852473e-02
4.621690406766754133e-02
4.668167461182454875e-02
5.012412334719453660e-02
5.079906710266655911e-02
5.051981774784087414e-02
4.391761923227242848e-02
4.860226063852112616e-02
5.330827273959529850e-02
5.274699752234848771e-02
5.415334068773305226e-02
5.306461316394745636e-02
5.059394208697959999e-02
4.435184819287964902e-02
4.269948962722081715e-02
4.782626883389403533e-02
4.753246384834076965e-02
4.925398269410406760e-02
5.068657647675455652e-02
5.082649563224570649e-02
4.870263559492578331e-02
4.183616403822823515e-02
4.993624633323678202e-02
4.866174521033846817e-02
4.727281831987072830e-02
4.781137665679124904e-02
4.915125191307298524e-02
5.024401799336103425e-02
4.320329955090150553e-02
4.960457988047304451e-02
4.837828902582273077e-02
4.613722671333794073e-02
4.636405897022557315e-02
4.648277570407886167e-02
4.678322748054240809e-02
4.300835506306447537e-02
4.296620262957014796e-02
4.371308317274207045e-02
4.342028782631441458e-02
4.371779482199493472e-02
4.465675920881465727e-02
4.589634364528553945e-02
4.513398196885421571e-02
4.363113413037984778e-02
4.380369828426580736e-02
4.350097481976962499e-02
4.373453800416134130e-02
4.554296995132112169e-02
4.590156011410120168e-02
4.529148567244978274e-02
4.389473407875853911e-02
4.380933543605047831e-02
4.367311829068657586e-02
4.290520359906439124e-02
4.490050292105630253e-02
4.659459323724045310e-02
4.711775457749538959e-02
4.563324851646965302e-02
4.387513025240289549e-02
4.513305646632240209e-02
4.493525133429613488e-02
4.830753015043604687e-02
5.024814068645728354e-02
5.065258529285893152e-02
5.146593374513368929e-02
4.966709336966722288e-02
4.951598404720054108e-02
4.881058284477252790e-02
5.302187177429651399e-02
5.472016892017073086e-02
5.496736223275820732e-02
5.503963556683331287e-02
5.697561859019548841e-02
5.583127677790739735e-02
5.158254706414194118e-02
5.931613035655311506e-02
6.305221580428878314e-02
6.612412698055894489e-02
6.740939758746378185e-02
6.741840020300049474e-02
7.270638512339652748e-02
7.003563722636978184e-02
7.351720947785725380e-02
7.807926386693782306e-02
8.515876927913963723e-02
8.584237910377316705e-02
8.601309225259551328e-02
7.982745401293606102e-02
7.631559258768019771e-02
6.843005860686433850e-02
6.963430567393877335e-02
7.603079021766365186e-02
8.299982428220466224e-02
8.737879744317415820e-02
8.631564744390407551e-02
8.272949340632189397e-02
7.945657990746102239e-02
8.182435193021019015e-02
8.735902534363090832e-02
9.580490903916177858e-02
9.901429940970285504e-02
1.023037036809487377e-01
9.824377648367282889e-02
8.586257188628541870e-02
8.513706203793897087e-02
8.823379350938043153e-02
1.032138092160947013e-01
1.059524553443188938e-01
1.090445593031013211e-01
1.097916081194608429e-01
9.702270209783819821e-02
9.693217112290825055e-02
1.010823768853326837e-01
1.146138969931680546e-01
1.207610006728666169e-01
1.178957289709718498e-01
1.252054321038133244e-01
1.025785779328967640e-01
1.001255755406271347e-01
1.013983097950556245e-01
1.034636107630900193e-01
1.146958460355302772e-01
1.248941267067494310e-01
1.454020848993803350e-01
1.297021123595104852e-01
1.275222173507190582e-01
1.209194298789940114e-01
1.200121008514434817e-01
1.205504067785826000e-01
1.137179264057806699e-01
1.135523455891802036e-01
7.863077923930371360e-02
6.722261434922545409e-02
7.298681239053543546e-02
8.719655758100107457e-02
6.158453706202324934e-02
7.731067608256522727e-02
4.824476425146046604e-02
6.157578685626793891e-02
2.532679746599227066e-02
4.390264291857583906e-02
6.674648536490530859e-02
4.489528645224063336e-02
3.192058232218061842e-02
5.713892771876332571e-02
2.799838672895703373e-02
3.333567569332048647e-02
1.917927310332470658e-02
6.042774303385260379e-03
4.505767007827666398e-03
4.503663592982640185e-03
1.561238634572296134e-03
6.888262934492018087e-04
3.097068017816675132e-04
1.571671572203626457e-04
1.128271722872089498e-04
7.849944201638027973e-05
4.846267802940518838e-05
3.508495961503812588e-05
2.625061726592780868e-05
1.792109447962379426e-05
1.573354304079647320e-05
1.085362060033553508e-05
7.235747066890358129e-06
5.553015190869344079e-06
4.795785846659888222e-06
2.944780783036773529e-06
2.692371001633621294e-06
2.271688032628367994e-06
