7.875905106362117132e-04
1.714861244689769185e-04
2.000533045257943962e-04
2.554437379499143379e-04
3.036923763598298491e-04
4.020166239972480728e-04
4.696975883760452991e-04
6.474120224504329932e-04
8.434792088287645625e-04
1.280789587256673688e-03
1.909101460250513553e-03
3.715145157563496964e-03
9.684107951004975248e-03
1.770193547224238606e-02
1.651976909148419048e-01
1.015167130528956824e-01
1.277266024902572739e-01
9.112515217484411234e-02
5.604274505012660224e-02
1.152741354858392991e-01
9.234706347529762771e-02
7.516622990670793203e-02
9.460769072967753490e-02
6.578141299327497360e-02
7.563576140682784499e-02
5.116257381983899816e-02
6.628183690903771685e-02
5.990977791793404561e-02
5.181961896114579968e-02
5.626040370980368854e-02
4.923138262152128991e-02
4.578388868873431439e-02
4.110144552738648899e-02
4.061347823083457514e-02
3.873219655348822399e-02
3.282011898777616177e-02
3.539946960569695378e-02
3.112527137795178395e-02
3.028735612570385149e-02
3.003025150519249287e-02
2.642472459668422646e-02
2.937594682011207547e-02
2.326149071428819728e-02
2.700993656720862557e-02
2.297191583970063095e-02
2.534814052035695361e-02
2.341321233627600279e-02
2.416509387184119506e-02
2.467731005379017462e-02
2.241028840154872526e-02
2.485834625298745035e-02
2.196284663949601285e-02
2.529059093960295962e-02
2.182366468084710048e-02
2.533078429758987837e-02
2.293836601195948718e-02
2.420179937644907978e-02
2.346386925440001325e-02
2.407034052171087846e-02
2.445832268806393678e-02
2.417464394656949206e-02
2.496904407570762000e-02
2.527522777590961167e-02
2.446820493930451645e-02
2.470363504238904523e-02
2.508239931052609617e-02
2.453962288944656206e-02
2.563181926185139833e-02
2.491041492128868648e-02
2.716348516001402050e-02
2.480029840746502193e-02
2.755520431213031793e-02
2.624559841243261082e-02
2.759489940534880226e-02
2.743171769368703966e-02
2.708135451735066770e-02
2.960190989259637792e-02
2.630771542023057491e-02
3.059312460526548288e-02
2.666264602361092043e-02
3.106315437015381639e-02
2.762371571778984153e-02
3.108275278437884481e-02
3.044148602740575152e-02
3.032962558689257515e-02
3.229245659800576013e-02
3.057718013267563331e-02
3.387004589899227786e-02
3.096134226913737145e-02
3.507759056528932107e-02
3.289303173222350718e-02
3.651433702506547835e-02
3.429024918703732494e-02
3.655818432468757595e-02
3.686586281919486396e-02
3.636992328634802707e-02
3.816126817299223678e-02
3.604472248081750513e-02
3.982680120560715825e-02
3.623730181381680515e-02
4.028287955697936601e-02
3.934796876314317071e-02
3.998350547527929066e-02
4.157064485099409845e-02
3.960382772173344501e-02
4.436117668660234659e-02
3.903713459176913481e-02
4.559986290092644945e-02
4.251992227898677978e-02
4.518788098156054089e-02
4.552910930380897614e-02
4.508764671897745602e-02
4.871717338049857959e-02
4.541583711311857063e-02
4.992853807668694299e-02
4.856852439124944437e-02
4.909012455967057265e-02
5.208934628912412212e-02
4.974866449528268092e-02
5.743821857825089777e-02
5.058375624717615510e-02
6.071248245987938275e-02
5.212696527914079808e-02
6.242717761631301487e-02
5.141378230725723170e-02
6.358921410042651934e-02
5.739594911706218106e-02
6.242917067538673870e-02
6.209350630971913892e-02
6.125924499910638532e-02
6.623317304998743715e-02
5.844570994002215580e-02
6.940404699216611017e-02
6.641420924918470248e-02
6.693016241689693502e-02
6.915582809335846237e-02
6.457162613551999109e-02
7.241564229670238717e-02
6.462236609777205487e-02
7.398899634715723483e-02
7.011183209572498243e-02
6.830263272154526999e-02
7.165437677466506006e-02
6.739321647502720392e-02
7.372375340209480488e-02
6.743000502376317318e-02
6.900576735393210148e-02
6.832995423968099558e-02
6.116498991374449967e-02
7.132311374778527169e-02
6.213486228549906787e-02
7.223385870035248235e-02
6.060020679872585303e-02
7.034485391909542362e-02
6.481411498949064820e-02
6.289720738120135879e-02
6.863265008650396015e-02
6.034916439956376777e-02
6.935247658863330500e-02
5.851106566881492110e-02
7.015858593982959857e-02
6.739163863659383691e-02
6.262075347884918375e-02
7.076671808970191879e-02
6.111009774508881220e-02
7.310598813336613433e-02
6.423737352002960310e-02
7.445844480314905978e-02
7.321618769131786608e-02
6.839506083608955234e-02
7.793135023912611814e-02
7.840769135774793008e-02
8.027161681232719559e-02
8.315183630625336275e-02
8.067346734806829511e-02
8.400436732504198978e-02
8.320008494466328564e-02
7.749835815535796590e-02
8.495082125268021978e-02
7.430506229859981659e-02
8.732289372693292917e-02
7.155389337969776664e-02
8.966631597700075451e-02
6.489873695599615577e-02
8.398393846953625119e-02
8.073550131173819200e-02
8.894607425423105285e-02
8.835920140114521260e-02
7.751928527563214932e-02
8.928497734089346771e-02
6.608975584080685473e-02
8.673801393292081274e-02
8.087866938853457976e-02
8.864636799601868788e-02
8.853641757045116467e-02
8.005254640247287667e-02
8.687445543534336179e-02
6.518241569749060049e-02
9.197087357513081263e-02
7.515178022842339267e-02
9.681251232999295298e-02
8.943694809526549216e-02
9.682596547874063042e-02
9.522778123399222583e-02
8.862311564015848409e-02
8.698955459685134284e-02
9.472528121502768461e-02
1.057375139062904645e-01
1.011413535940095809e-01
1.031616511417486892e-01
9.526099888522109038e-02
8.459456194325071232e-02
8.761205338088014216e-02
9.378414211158607461e-02
1.134203414148848288e-01
1.074629217552453830e-01
1.297276338002836260e-01
1.247600171031360838e-01
1.008336750995022929e-01
1.185546276770731988e-01
1.172142124058607321e-01
1.076238612754492063e-01
1.154619813035384912e-01
9.250725559834879763e-02
1.167716702473642759e-01
9.988165721528323437e-02
9.910469635304025582e-02
1.550815874096056479e-01
1.055013364060532755e-01
1.246797964754183807e-01
8.726916417607025189e-02
5.391166663553924321e-02
4.176862205231809261e-02
1.137937078146971856e-02
6.441649970428122221e-03
2.574118837852241385e-03
1.784286135758081371e-03
9.401425739047398512e-04
7.825248188238109921e-04
4.474417620527107843e-04
3.409791898642224235e-04
2.243852340509325390e-04
1.706556831882555052e-04
1.326214725312136237e-04
8.819286401261670016e-05
7.316187683155868122e-05
4.808255015377125836e-05
4.193728467643261599e-05
2.757065051995174053e-05
2.009667899345879766e-05
1.536316369334660254e-05
1.112791316166726756e-05
1.154313380202798774e-05
6.643530245771502518e-06
6.228309605410784881e-06
