2.155451293243697188e-03
1.505075639824777990e-04
1.601945824032809074e-04
1.696125169790616938e-04
1.941888414910991915e-04
2.007365483866420288e-04
2.393949274548469767e-04
2.538357604710442077e-04
3.113300086908107282e-04
3.687345622955698712e-04
4.334043797159313049e-04
5.566447807361486018e-04
6.713641933306593477e-04
1.299316192997719598e-03
2.246850105936274399e-03
1.600859622245069114e-01
8.092858089352936157e-02
9.555570962509701838e-02
6.575619859733150552e-02
3.683730929970899237e-02
9.108524031851139569e-02
3.458983133146766725e-02
8.564562069677042477e-02
8.228790278396706792e-02
7.410066802070330860e-02
6.427247027587848494e-02
5.674951383135980881e-02
5.824929748889914882e-02
4.442206533396780149e-02
5.215149878223360874e-02
5.410101123942023110e-02
5.111678170350782840e-02
5.247278489319024547e-02
4.807111135631532417e-02
5.517384852952417901e-02
4.801496252732066761e-02
5.046945566699916064e-02
5.306880560991465712e-02
4.904582273760113575e-02
5.240542423731965604e-02
4.806868960171012395e-02
5.499302418566918288e-02
4.765376231268571988e-02
5.128540757972181036e-02
5.248372763622115300e-02
4.626654539698071833e-02
5.373227667712466432e-02
4.912708605879786972e-02
5.302700791932119656e-02
4.893038576808656642e-02
5.152417464487159954e-02
5.130523008963844972e-02
4.978445789218736983e-02
5.405383187192631944e-02
5.052219610062352873e-02
5.395812771771338334e-02
4.915175207792491646e-02
5.323976354611882622e-02
5.197919542680431992e-02
4.995407040916643310e-02
5.554850293641023368e-02
5.169037876648038127e-02
5.769973858274859285e-02
5.032890420528250697e-02
5.396655901152408452e-02
5.670951003306649169e-02
5.225949109870255821e-02
5.820579560062053709e-02
5.537906980866118961e-02
5.678584015043781907e-02
5.280483435794777747e-02
5.552652775573341248e-02
5.620040339828428350e-02
5.511007565825389032e-02
5.892720938912534429e-02
5.499930280871970223e-02
5.907628183926771220e-02
5.256167225666261850e-02
5.898210249350990114e-02
5.675094894519992078e-02
5.614936716234504577e-02
6.041685755516885276e-02
5.576242459320297773e-02
6.334520734593161728e-02
5.597535960923062659e-02
6.028114960266259259e-02
6.339005465343533485e-02
6.024948740356497051e-02
6.031971828711579081e-02
6.456568197233780726e-02
5.629601785788221346e-02
6.256576114151700396e-02
5.587714400579748414e-02
6.344629317704500449e-02
6.211486631187462110e-02
6.204445603909378854e-02
6.767261374158037301e-02
6.138250978033890637e-02
6.728602995089832950e-02
6.008507717425633915e-02
6.758740385732331379e-02
6.676822293846040868e-02
6.674391569779337952e-02
6.883478686823173154e-02
6.521758243421184320e-02
6.787281212227697091e-02
5.922257375634483456e-02
7.026676139682545841e-02
6.952023311611855994e-02
6.750910045842181684e-02
7.223932537006898247e-02
6.784751824084488125e-02
7.175945917977920308e-02
6.138825023569937506e-02
7.133027044696862995e-02
7.222084827937745588e-02
6.891560171635344179e-02
6.997041038884088682e-02
6.834595121644120030e-02
6.986439135390209998e-02
6.446890148274478372e-02
6.787245334381694639e-02
6.528225225163221401e-02
6.868499686116931457e-02
6.714099375843129991e-02
6.625965447136825115e-02
6.864965718285638563e-02
6.530198506693385418e-02
6.769458892225720115e-02
6.401011352698174339e-02
6.490652150936605802e-02
6.436225458550093315e-02
6.287888504250796484e-02
6.279295760133084270e-02
6.202427475071711771e-02
6.400535971238635602e-02
6.298077812515640028e-02
6.424941875982158324e-02
6.269536986020274316e-02
5.817278798229779530e-02
6.332098979987961507e-02
5.562877961684189326e-02
6.513165499303473494e-02
6.075025243915149059e-02
6.063302157733677089e-02
6.738935814738689078e-02
6.433839581790896933e-02
6.575691615425156844e-02
6.410339592658947927e-02
6.600142367476183325e-02
6.914226000847722986e-02
6.490598334167602124e-02
7.429530533526942926e-02
6.990457454142542937e-02
7.440437398711848005e-02
7.930439080497471427e-02
7.373857085991827875e-02
7.563991730884590814e-02
6.970760516686909380e-02
6.602115649006347342e-02
7.226883489840643660e-02
6.613488926189289852e-02
6.487171999874317974e-02
7.074707606019027539e-02
6.699963504517959800e-02
6.655313525167257105e-02
6.855906562169887530e-02
7.401761080720642427e-02
7.315797761697515056e-02
6.597083781104429168e-02
7.811378448536601682e-02
7.773016061697919643e-02
7.758261297529196743e-02
7.296226396702891470e-02
8.766742701365304313e-02
8.272157624752801697e-02
8.507184424456785965e-02
8.268659534767512642e-02
8.122197197921869616e-02
8.301362191399223878e-02
7.570889246778662873e-02
7.915083362408197043e-02
8.380993070602824058e-02
8.295065629425701914e-02
7.562413105660460710e-02
8.604521020662855846e-02
8.009460036319022980e-02
7.434383012198846064e-02
7.694578120873916960e-02
7.485634515214095730e-02
8.188095831567832050e-02
7.133009105773861769e-02
8.680232245190633300e-02
8.275404569816070810e-02
8.030941896613302822e-02
9.192756244804622945e-02
7.474315054800155511e-02
8.692161628986622146e-02
7.651228713440823281e-02
8.229543713162768004e-02
7.098978968840038983e-02
7.197912129193241582e-02
8.082274124782058700e-02
6.630154185657671784e-02
8.173735723705141676e-02
7.329538976716654108e-02
8.394240965239423147e-02
7.373937811145335475e-02
7.115886403768940938e-02
9.364548340928366410e-02
5.953776063348096420e-02
8.118071245631527932e-02
7.971976656707414899e-02
7.707305786743473552e-02
9.706123373799684095e-02
7.084475349593337412e-02
9.658271296693217434e-02
5.241825056726572701e-02
8.288876700990187307e-02
6.975263186360282364e-02
5.636248156760272077e-02
1.019593669689379256e-01
6.188381298361546323e-02
9.917479764603207015e-02
5.067055099384583372e-02
8.165250613125438206e-02
8.295971545037275630e-02
5.634131363846096169e-02
6.905947187882535698e-02
4.183957797867370737e-02
6.540934952109773992e-02
3.080337315892874711e-02
5.644347580495443634e-02
1.504923158979265367e-02
1.262693881690183338e-02
8.552471235574041902e-03
3.639986866231772079e-03
2.693618983288313673e-03
2.032031502993465136e-03
1.277789485395934913e-03
1.219218901796079212e-03
6.759386186960385798e-04
4.609406265232141833e-04
3.811124191665960382e-04
3.166219909762494678e-04
2.693529288673306458e-04
2.347308074744603129e-04
1.964312068662850917e-04
1.775056430997160603e-04
1.582213008731173022e-04
1.314026109858939043e-04
1.253033771653882524e-04
1.009961364983730632e-04
9.274423191768894285e-05
7.857248274651403399e-05
