2.376203949642868574e-01
4.272826130616252938e-02
2.244713114490215142e-02
1.893177934671553056e-02
1.291167147594153748e-02
1.468836396126924244e-02
1.224928007468387495e-02
1.369572178292234252e-02
1.731572386311935538e-02
1.098851584197626206e-02
1.745037546751196378e-02
2.006308905449832175e-02
2.082824089068718507e-02
1.998111693743825912e-02
2.156669863688242400e-02
2.432374929454226078e-02
2.101084736471434816e-02
1.932368638476348460e-02
2.737514363478663754e-02
2.729199036330208147e-02
2.591901646026729608e-02
2.388577723393894153e-02
2.742593327503999034e-02
2.467549708215733065e-02
2.079186133441269027e-02
2.683582852456151482e-02
2.227846229308404202e-02
2.328267978479100705e-02
2.050909296518821714e-02
2.419145999899864619e-02
2.170961832224650723e-02
2.045948447935936471e-02
2.766618008498258549e-02
2.401216075736007163e-02
2.754593856456883511e-02
2.639431300068470487e-02
3.196014887979732599e-02
2.927703848911097223e-02
3.307090650059388293e-02
5.316848526428749611e-02
4.588288854310790948e-02
5.454216785997698103e-02
5.528605891652490362e-02
6.591337773549012236e-02
4.447944085592111380e-02
4.638417048086424660e-02
5.962089565442722783e-02
4.807511115497349607e-02
5.516203770195277079e-02
4.846465588417245285e-02
5.002685072601158883e-02
4.053603869429694279e-02
3.241985418181138334e-02
4.613282081933137851e-02
3.701147389159925583e-02
3.901471179554539398e-02
3.372290374291597032e-02
3.850350816062329123e-02
3.616127893684664002e-02
3.179100756620942270e-02
3.595882906848792832e-02
3.200597767146779599e-02
3.731148711542137120e-02
3.350864233031229655e-02
3.702753759177240117e-02
3.851933562991154136e-02
3.427899124596894831e-02
3.533470707058396221e-02
3.557613503495105078e-02
3.870666672163669553e-02
3.461892748933904917e-02
4.096479775038918553e-02
3.840334626542597773e-02
3.450789897343637530e-02
3.488681331281486692e-02
3.755882085191095121e-02
3.828948297890451269e-02
3.497988828146519208e-02
4.174176113082302131e-02
3.937897982006012543e-02
3.710502132201937836e-02
4.339372370892388697e-02
4.529231133085963312e-02
5.228710783272817048e-02
4.631117513743035485e-02
5.171968124720003473e-02
6.127711038845628372e-02
5.107146369903633326e-02
5.438696416859813143e-02
7.115982945821888728e-02
6.618740556197331981e-02
7.215743248514866481e-02
6.838104555914831240e-02
7.320677007587138296e-02
6.436960890267313939e-02
6.000358968796411230e-02
8.107443969744287937e-02
7.993060975276043700e-02
9.034744685328036096e-02
8.542534013551834893e-02
9.693757984931639093e-02
6.994300417010253235e-02
7.431752769666793990e-02
8.922865738239722788e-02
8.161847942536598621e-02
8.334556342486483527e-02
7.835613090490652077e-02
9.338726588016467434e-02
6.122301351581433543e-02
8.373747046291279972e-02
9.139749313665779251e-02
8.385204244208896429e-02
7.616154598419194732e-02
5.821673927458572567e-02
7.317204413579118938e-02
5.665974151221438160e-02
7.161977099111783984e-02
7.547505903267455463e-02
7.272887499572008863e-02
6.451418220423150995e-02
4.876419664622478473e-02
7.154039741379167316e-02
6.023863941843891900e-02
7.109061380894338145e-02
7.442265044044814315e-02
8.036929050601844537e-02
6.415676487537887163e-02
5.662005472355129826e-02
7.781492594760221204e-02
6.543028557587103611e-02
7.609445641288055395e-02
6.584368962444482609e-02
7.532080026483529978e-02
6.018477877668187981e-02
5.713858151590528456e-02
6.497128896651167829e-02
5.203906540358389787e-02
5.620665067497750828e-02
3.863697861059139926e-02
5.290059944081167836e-02
4.328458504010040953e-02
4.624125079550015643e-02
5.335605258689755243e-02
3.945669978119199783e-02
5.016622694810218136e-02
3.692146992445261705e-02
4.956123965187504699e-02
4.292716771124775038e-02
4.956809034753712623e-02
4.764658832976614855e-02
3.208913094295234858e-02
4.943178512695022703e-02
3.741235770327337729e-02
4.644299197120416861e-02
3.800033637578776463e-02
4.134536570596197835e-02
3.459435947730952338e-02
2.769570894559499757e-02
3.942197384111179731e-02
3.295373598168382240e-02
3.940094929235576915e-02
3.679697624811067991e-02
3.282735245826268883e-02
3.980679395261277342e-02
2.278210653968936947e-02
3.019432301517498834e-02
3.825924542563740455e-02
3.401795611815520287e-02
3.625222782753287354e-02
2.145401650478545238e-02
3.414481210334613381e-02
2.671322469529877064e-02
3.120539120254403262e-02
3.500610990968901909e-02
3.679319655395229399e-02
3.348289316385827386e-02
1.413133153467667144e-02
3.434041127604275934e-02
3.303925156201736879e-02
3.487665538476419913e-02
3.613765584835670897e-02
3.577645882534566391e-02
2.689370509136184556e-02
1.976945406456848131e-02
4.238312798332464354e-02
4.248281741675214579e-02
4.266471519812461977e-02
4.162931522961094838e-02
4.256809676620080390e-02
2.737089147885845078e-02
5.237947410872380999e-02
6.480025780584458550e-02
6.584439831709952562e-02
8.071607744505063242e-02
4.451062333272782362e-02
1.001026012451973340e-01
8.342659061838529622e-02
9.430266055914948709e-02
1.128354459412700961e-01
5.180685044372788234e-02
1.423588732433310466e-01
1.227283229390833535e-01
1.439728026489631163e-01
1.340829966526535522e-01
1.755011214711645340e-01
1.365818469531184520e-01
1.055113435858519161e-01
2.255397837414210571e-01
1.384830331147881011e-01
2.070580242304387031e-01
2.311327861722971277e-01
2.321974787705382848e-01
1.293834194284667061e-01
1.098967337331226701e-01
1.604451822529919525e-01
9.790990617156193621e-02
6.465568450428620106e-02
5.921481476328532140e-02
5.611404816809698048e-02
3.035566870956122112e-02
7.508362445639639969e-03
2.910128271074588664e-03
2.248209331586724802e-03
2.393255094914900540e-03
1.867405145129038277e-03
1.711965222865292815e-03
1.949141031304199405e-03
1.568809306616311553e-03
1.488727036635445998e-03
1.324310340745526830e-03
1.359508742595523859e-03
1.090914226465009408e-03
8.627151916522767406e-04
1.093748997083801230e-03
7.800343819375187004e-04
6.886130294814860747e-04
6.545957820559855124e-04
5.376614940308275734e-04
4.677371521006319730e-04
3.309594697439320393e-04
3.765520305294987381e-04
2.589090498496427893e-04
2.114266419848816420e-04
2.456801202952814595e-04
1.684326209332074015e-04
1.651253885446170690e-04
1.254385998815331338e-04
9.874450988791120545e-05
9.520104661442156354e-05
6.401856980771276895e-05
3.708824892919152433e-05
5.078964025335145949e-05
2.645785910872261893e-05
3.472594008019843650e-05
2.929262972751432907e-05
