8.294691937354244093e-02
3.199750830570354670e-02
2.306782447557384833e-02
3.241590990635271480e-02
4.215692462815714969e-02
3.803343688215719137e-02
3.503073075959599325e-02
3.785967033432881268e-02
3.017989508335359658e-02
1.384810939725454604e-02
1.745862013558698717e-02
2.150770856139918447e-02
2.472377680219376914e-02
2.684781434328317035e-02
2.595981432165223035e-02
2.524759845653272439e-02
1.964495134476580696e-02
2.109208117268921573e-02
2.636686687345919655e-02
2.925330829565916946e-02
2.919404104059434082e-02
2.525718209777725112e-02
1.967067585547479722e-02
2.366352343924674542e-02
2.874386210318700258e-02
3.127722200585181245e-02
3.057080676569609579e-02
3.031103964775237053e-02
2.504608978931229663e-02
2.012968183087051124e-02
2.341233115820601576e-02
2.412959104503316354e-02
2.585489867013320703e-02
2.587583136021993566e-02
2.711161667859301322e-02
2.320628287144870655e-02
2.329657086001555785e-02
2.604051866897455145e-02
2.846265789298578139e-02
3.304994343500371884e-02
3.492102328745471523e-02
3.540020534968101040e-02
2.849746164276853455e-02
3.096045744261169061e-02
3.870782258446935770e-02
5.312288002166322409e-02
6.120012418320088660e-02
6.134186119318570801e-02
5.890383330079539820e-02
5.491174232027959401e-02
6.152874219745396722e-02
5.501615356962785697e-02
6.121021222661617023e-02
6.500583856161919194e-02
6.452892630916134964e-02
5.970986796967710231e-02
5.173980926942690212e-02
4.948588816936563828e-02
4.870734341879059959e-02
5.682115673770869041e-02
5.823449162019088410e-02
5.435664773135323591e-02
5.277232051298188370e-02
4.736538144347159779e-02
4.733713492190878142e-02
4.526782501634733086e-02
5.109165247999449683e-02
5.224017622282531303e-02
4.917517643217469286e-02
4.659566373088493835e-02
4.046314213872988924e-02
3.874060872556904511e-02
3.675729939012294806e-02
4.249991810427702216e-02
4.460680597156042870e-02
4.382725241664386234e-02
3.970956529560769332e-02
3.525745953535464744e-02
3.567838314685763818e-02
3.234226718942109779e-02
3.890958345277516217e-02
4.332638106107469106e-02
4.400757619269218129e-02
4.110802031405232787e-02
3.688617414475328649e-02
3.314603204853436291e-02
2.947423644645403087e-02
3.751188503758667164e-02
4.269259973350907067e-02
4.692428174513801897e-02
4.943494355011842506e-02
5.120489076733113210e-02
4.948992338673176283e-02
4.711671117328468383e-02
3.958674336702652785e-02
5.010882485025982408e-02
6.819593009061940270e-02
6.778030270190944784e-02
6.327573911589688682e-02
6.058929315440505364e-02
5.337457670487471412e-02
4.474551656852067405e-02
5.578486247787298180e-02
7.784968323688158665e-02
8.577434574176297233e-02
8.406870980132273574e-02
7.929933507565881112e-02
7.003876342150759660e-02
5.000643120959463034e-02
5.875553906259062958e-02
7.927865458665746268e-02
7.979591901277648114e-02
8.082162082702613881e-02
8.294137094966404222e-02
7.828952192978824720e-02
5.216249828852757148e-02
6.434481951683228285e-02
7.720278745287607880e-02
7.958028708477464519e-02
7.467800238711426453e-02
7.229974615195955412e-02
6.703403969026333620e-02
5.318593029300879016e-02
5.305982975031765803e-02
5.928289153212494556e-02
7.566461303312967124e-02
7.838384513572120571e-02
7.990083466429549752e-02
7.174364275869166141e-02
6.018778902647649309e-02
4.517854583212201069e-02
5.373522425697134508e-02
6.706379941833844061e-02
6.827335582383176060e-02
6.930864127932594154e-02
6.901028739531873957e-02
6.085864391359330217e-02
4.802135646655085466e-02
4.725643057458645685e-02
6.798584658649597934e-02
7.273378421990242537e-02
7.226115938589605658e-02
7.244930139559123405e-02
6.097389980961299277e-02
4.450289912438293999e-02
3.346204000851833033e-02
4.962031134787438930e-02
5.320988939612009833e-02
5.315213534756756120e-02
5.348478857918676638e-02
5.168634263932586626e-02
3.564584920684332747e-02
2.803896006954358436e-02
4.415814024066538890e-02
4.860015795750314421e-02
4.940669702855561563e-02
4.787154902183379107e-02
4.517728482669509937e-02
3.537902045850890159e-02
2.094656114642365341e-02
3.886166524655253196e-02
4.412005787677266561e-02
4.291983291143848522e-02
4.453745067308030603e-02
4.553414936251100331e-02
3.990855195197429151e-02
2.196015730857495823e-02
3.703497278512882240e-02
4.399168752431309448e-02
4.269562614653365368e-02
4.123336425348730905e-02
3.924374989090665539e-02
3.192462219202807372e-02
1.776000043261878950e-02
2.577142011087167964e-02
3.402848364628689726e-02
3.371499769715673861e-02
3.301085226676946788e-02
3.398661826611344000e-02
3.174202860621131578e-02
3.021595983856325759e-02
1.845178800982233067e-02
2.252786195177042608e-02
3.118769062054110863e-02
3.156649665078525846e-02
3.082351225324912389e-02
3.033752076171750828e-02
2.917411715484913987e-02
2.279166428708026895e-02
1.443195490991448088e-02
2.911585870412583890e-02
3.300479944072029492e-02
3.223079430968213421e-02
3.291955547386109238e-02
3.493413774389458881e-02
2.880817337995947996e-02
1.201485970761089275e-02
2.871132816317269187e-02
3.542592986038999719e-02
3.471623600612431387e-02
3.441889092645863263e-02
3.112363154485401490e-02
3.114405983276997622e-02
1.684501489485195139e-02
2.310691564380809929e-02
3.490740442884406741e-02
3.738981971226166406e-02
4.016604926014958471e-02
3.937892967267154348e-02
4.089970221752658314e-02
3.188326121402538377e-02
1.201939932714777594e-02
3.844906427086716011e-02
4.513390624000935408e-02
5.513090506347678027e-02
5.716995083879235912e-02
6.287272178145603130e-02
6.740654069337294330e-02
1.801421912668410910e-02
5.932904433074989020e-02
6.772027884358845784e-02
7.168765411773680984e-02
1.106343111300631676e-01
1.044995197281396726e-01
9.222287529390199579e-02
5.341618988396279466e-02
8.884211974435279879e-02
1.792632704842839209e-01
1.676002312907812763e-01
1.648862954109827639e-01
2.044866576366199395e-01
1.574564514356213696e-01
8.484094952476323170e-02
1.873276523904670587e-01
2.247611028904998587e-01
2.654111260334979794e-01
1.742966745098510628e-01
1.406351434427953739e-01
1.011293566241765335e-01
8.057093294815616258e-02
5.644159410420838963e-02
1.611718778254728202e-01
1.657125061666950283e-01
9.185037429079240257e-02
5.729352937062966861e-02
3.220784401091234678e-02
5.362803879568388797e-03
2.145222432261508286e-03
1.939930748760348512e-03
1.656456728790687682e-03
1.398455018444634979e-03
1.151297954770019467e-03
8.078000764793805653e-04
9.212905649013979677e-04
9.212905649013979677e-04
