7.865368458235282023e-02
1.944128495223492945e-02
1.796855733469851155e-02
1.947569572250520617e-02
3.018651478190381016e-02
3.481756425990593234e-02
4.106538644029678747e-02
4.947548539441527088e-02
5.681618296858382405e-02
4.024406270648142603e-02
5.125764319422703580e-02
3.543615787429951064e-02
4.799688927342190409e-02
5.056329253520742278e-02
4.158688299749362105e-02
5.138408276870851804e-02
3.915198756317512380e-02
4.518480911691603180e-02
3.495467384067276612e-02
4.184029564677085172e-02
4.124757679761926338e-02
3.354089800786295289e-02
3.827011154369035911e-02
2.986881534475730252e-02
3.650315850283522567e-02
3.089767070082286363e-02
3.653516852169129414e-02
3.514059870019511922e-02
3.165870889912596187e-02
3.675283664991257221e-02
3.208977715305438155e-02
3.961666633690242439e-02
3.489172080358916850e-02
4.253037830327632135e-02
4.276458494123991372e-02
3.637031692458252141e-02
5.166603768479907655e-02
4.898119735324609619e-02
6.772919864708994153e-02
7.264940529542524006e-02
7.561780104401159830e-02
8.748818303647137862e-02
5.886509092552952294e-02
9.285306219674893669e-02
7.487410160592219976e-02
9.338629576085966111e-02
8.327673155564092877e-02
8.579191878725674070e-02
8.457820557229736580e-02
6.127251109366323167e-02
8.295076286362326745e-02
7.098061631239539759e-02
7.851817550252879196e-02
6.740376345538655334e-02
7.373561193527460034e-02
6.609828818637310255e-02
5.126804645035526464e-02
5.890030194627120241e-02
5.136674400849481487e-02
5.281919861408905514e-02
4.523122364425734288e-02
4.564201888624359188e-02
4.606428438498659517e-02
3.611130252200547841e-02
4.455047724325155584e-02
3.474020671433709212e-02
4.052841837398618585e-02
3.243495185638568812e-02
3.834080033533084769e-02
3.454761310088639431e-02
3.584721986644288927e-02
3.449239581835967378e-02
4.046573208705971786e-02
3.395062624922066952e-02
3.747572957574551999e-02
3.194733256914486508e-02
3.999251730830413049e-02
2.919260369642279543e-02
4.129479157543196333e-02
3.431047221119433444e-02
3.936592118919653160e-02
3.912451229699032834e-02
4.572284418385517274e-02
4.737376090635704584e-02
4.652842965839963651e-02
3.663306582935944161e-02
4.284140898649448082e-02
4.561454362005879642e-02
4.691148288404395350e-02
5.453200137304600043e-02
5.221580975865210833e-02
6.370607277719604611e-02
4.706513097455309463e-02
6.364205273948390917e-02
5.652169079510797195e-02
5.990755053960891696e-02
6.946547541987468932e-02
6.520574216060298633e-02
7.977510224294385999e-02
6.068566074796858528e-02
7.833598514520631606e-02
6.276551172314182026e-02
7.415867768448901332e-02
7.104170209837905314e-02
7.593443348052957009e-02
8.379315985985220927e-02
6.459621805155196794e-02
8.577538027751442640e-02
5.566168828850819039e-02
8.237138152232836852e-02
6.815359814709003039e-02
7.450972089127726183e-02
7.915064012509333280e-02
6.632289181867988270e-02
7.244960942773193135e-02
5.370801013765930110e-02
7.261045977248370420e-02
5.895845348052639739e-02
6.752726877813956807e-02
6.976476909617895794e-02
5.537839962163195601e-02
6.616257497424238299e-02
5.497827438593106547e-02
6.519080415180347754e-02
4.904521739095824007e-02
6.348680414803195560e-02
6.934623809963581798e-02
4.916125370931150040e-02
6.757848480830927484e-02
5.874425310434785302e-02
6.418995756223698501e-02
5.143609904934963450e-02
6.313336018982951270e-02
6.666273151886850656e-02
3.780356551886311645e-02
6.656643471214315766e-02
5.003592747455364725e-02
5.789465385387629337e-02
4.855893185450308597e-02
5.029440837681642407e-02
5.222808026588026536e-02
3.236292931395952366e-02
5.022638708674727337e-02
3.090193870333700701e-02
4.557879909900284382e-02
3.611236952263401079e-02
4.296438080893322242e-02
4.363819170585352125e-02
3.171312593118127271e-02
4.378597129290572043e-02
2.563469010057046679e-02
4.351228563168630520e-02
3.361745530296039036e-02
4.172292557763191551e-02
4.364245970836766464e-02
3.306341522659322213e-02
4.347360685890189202e-02
2.439110086801209512e-02
4.221721361880109019e-02
2.815014408234340487e-02
3.900847597863706800e-02
4.022885794752479455e-02
3.313970577153352304e-02
4.118248975927858713e-02
2.749047094375119821e-02
4.033155675802135853e-02
2.137602384192730659e-02
3.815834322785124216e-02
3.123004139661174003e-02
3.214712843683818072e-02
3.365133257291639396e-02
2.886023300063391903e-02
2.916539518039513307e-02
2.120717099246153051e-02
2.667901696574979248e-02
2.031995996983408659e-02
2.850038703866025064e-02
2.452527619705045792e-02
2.950390112979808799e-02
2.485604639189653228e-02
2.948496186864157931e-02
2.133654481867148719e-02
3.065172705594538041e-02
1.446399377027296831e-02
2.957539017190998279e-02
2.860415284978535047e-02
2.720718227687497076e-02
2.936492429793131215e-02
2.571924990038192138e-02
3.059517602263299094e-02
1.186851474135985039e-02
3.061171453237529136e-02
3.070294308611509065e-02
2.986881534475730252e-02
3.308022048649265912e-02
3.093501572282161480e-02
3.425685542961041941e-02
1.286829433029781228e-02
3.405465881050289551e-02
3.161229437178465079e-02
3.578906833218769429e-02
3.407893307480207995e-02
3.164163688906938138e-02
3.788385731616043112e-02
1.227450848051768982e-02
3.700918355091828427e-02
3.234505705343155429e-02
3.919280033721661560e-02
3.687207397015144356e-02
3.756108962602838081e-02
3.827331254557597012e-02
2.079984350251802214e-02
3.861341899592172361e-02
2.045146779730111497e-02
3.893511968542524154e-02
4.341225432276108603e-02
5.274637582119149487e-02
5.392914601792331980e-02
6.156993751886755128e-02
7.385938400818474470e-02
9.543520371780536693e-03
6.318510972031347872e-02
5.798935015965884371e-02
7.581199515840510161e-02
7.704651488562090644e-02
7.361797511597854837e-02
7.811111476274242016e-02
6.479761442018808215e-02
9.272795637305313032e-02
3.095608898523519517e-02
1.271275231367302028e-01
1.153526377005243408e-01
1.293380816888990703e-01
1.166719839777087681e-01
1.310476834459703976e-01
1.196486489811662557e-01
1.004290334095096215e-01
1.310271436838710835e-01
3.502029437932771549e-02
1.329832225861341810e-01
8.175145415714912822e-02
1.468206202372995539e-01
2.002954907376238158e-01
2.120799791794864553e-01
2.018450424004147592e-01
1.328687867687237123e-01
2.014134406461720872e-01
1.206660340804750625e-01
1.271032488724310183e-01
1.422602595509379342e-01
6.645840089850391097e-02
5.915158059429136833e-02
6.641091937053407446e-02
3.371161810842866757e-02
1.977418914833807117e-03
