0.000000000000000000e+00
0.000000000000000000e+00
0.000000000000000000e+00
0.000000000000000000e+00
0.000000000000000000e+00
0.000000000000000000e+00
0.000000000000000000e+00
0.000000000000000000e+00
0.000000000000000000e+00
0.000000000000000000e+00
0.000000000000000000e+00
0.000000000000000000e+00
0.000000000000000000e+00
0.000000000000000000e+00
0.000000000000000000e+00
0.000000000000000000e+00
0.000000000000000000e+00
0.000000000000000000e+00
0.000000000000000000e+00
0.000000000000000000e+00
0.000000000000000000e+00
0.000000000000000000e+00
0.000000000000000000e+00
0.000000000000000000e+00
0.000000000000000000e+00
0.000000000000000000e+00
0.000000000000000000e+00
0.000000000000000000e+00
0.000000000000000000e+00
0.000000000000000000e+00
0.000000000000000000e+00
0.000000000000000000e+00
0.000000000000000000e+00
0.000000000000000000e+00
0.000000000000000000e+00
0.000000000000000000e+00
0.000000000000000000e+00
0.000000000000000000e+00
0.000000000000000000e+00
0.000000000000000000e+00
0.000000000000000000e+00
0.000000000000000000e+00
0.000000000000000000e+00
0.000000000000000000e+00
0.000000000000000000e+00
0.000000000000000000e+00
0.000000000000000000e+00
0.000000000000000000e+00
0.000000000000000000e+00
0.000000000000000000e+00
0.000000000000000000e+00
0.000000000000000000e+00
0.000000000000000000e+00
0.000000000000000000e+00
0.000000000000000000e+00
0.000000000000000000e+00
0.000000000000000000e+00
0.000000000000000000e+00
0.000000000000000000e+00
0.000000000000000000e+00
0.000000000000000000e+00
0.000000000000000000e+00
0.000000000000000000e+00
0.000000000000000000e+00
0.000000000000000000e+00
0.000000000000000000e+00
0.000000000000000000e+00
0.000000000000000000e+00
0.000000000000000000e+00
0.000000000000000000e+00
0.000000000000000000e+00
0.000000000000000000e+00
0.000000000000000000e+00
0.000000000000000000e+00
0.000000000000000000e+00
0.000000000000000000e+00
0.000000000000000000e+00
0.000000000000000000e+00
0.000000000000000000e+00
0.000000000000000000e+00
0.000000000000000000e+00
0.000000000000000000e+00
0.000000000000000000e+00
0.000000000000000000e+00
0.000000000000000000e+00
0.000000000000000000e+00
0.000000000000000000e+00
0.000000000000000000e+00
0.000000000000000000e+00
0.000000000000000000e+00
0.000000000000000000e+00
0.000000000000000000e+00
0.000000000000000000e+00
0.000000000000000000e+00
0.000000000000000000e+00
0.000000000000000000e+00
0.000000000000000000e+00
0.000000000000000000e+00
0.000000000000000000e+00
0.000000000000000000e+00
0.000000000000000000e+00
0.000000000000000000e+00
0.000000000000000000e+00
0.000000000000000000e+00
0.000000000000000000e+00
0.000000000000000000e+00
0.000000000000000000e+00
0.000000000000000000e+00
0.000000000000000000e+00
0.000000000000000000e+00
0.000000000000000000e+00
0.000000000000000000e+00
0.000000000000000000e+00
0.000000000000000000e+00
7.462844911280171932e-08
0.000000000000000000e+00
0.000000000000000000e+00
1.492568982256034386e-07
0.000000000000000000e+00
7.462844911280171932e-08
0.000000000000000000e+00
1.492568982256034386e-07
0.000000000000000000e+00
0.000000000000000000e+00
3.731422455640085966e-07
7.462844911280171932e-08
0.000000000000000000e+00
7.462844911280171932e-08
2.985137964512068773e-07
4.477706946768103159e-07
5.970275929024137546e-07
1.194055185804827509e-06
2.164225024271249701e-06
7.164331114828965055e-06
1.440329067877073061e-05
2.052282350602047340e-05
3.597091247237042458e-05
4.492632636590663387e-05
6.962834302224400989e-05
7.462844911280172144e-05
1.387342869006983790e-04
1.317192126840950302e-04
3.876947931410049185e-04
4.781444734657205767e-04
7.424038117741514663e-04
1.377715799071432563e-03
1.728320253003374964e-03
2.966630109132094035e-03
3.198202186729117661e-03
5.695270094043463661e-03
2.889762806545908332e-03
8.864292557169474798e-03
8.981533850725687690e-03
1.545010393447599981e-02
1.933414156855176730e-02
2.605801557671697660e-02
2.837507966477124249e-02
3.575986321827942516e-02
2.813171629221439610e-02
4.405563625010758266e-02
2.301190616927974511e-02
5.330284737967483366e-02
5.874072395272824515e-02
5.840952289556562704e-02
7.676827063421307051e-02
5.933566194905549873e-02
8.538957296107126116e-02
6.279043674383442963e-02
8.914435412128367264e-02
9.634905922708265902e-02
9.188829293826317191e-02
1.190411824919140465e-01
1.049557343779147361e-01
1.229088018671850024e-01
9.564680552093118848e-02
1.181813881296854551e-01
1.224109554831534913e-01
1.247235418642610033e-01
1.335021609618489702e-01
1.206950981811519552e-01
1.224617774569993212e-01
1.188230435351573244e-01
1.294537168543777039e-01
1.313182340270119541e-01
1.392956420949248708e-01
1.400149857159231903e-01
1.441961192059170171e-01
1.534017622893284472e-01
1.449362095357686619e-01
1.689264200444681452e-01
1.464705704495278538e-01
1.689620178146949148e-01
1.589018789889419248e-01
1.586346345126689872e-01
1.602603406481422632e-01
1.413784474812140868e-01
1.489080102260010863e-01
1.263615616938378872e-01
1.366908853355407738e-01
1.267250022410172094e-01
1.224757329769834147e-01
1.231800762797100324e-01
1.097558362248501479e-01
1.164658293414803786e-01
1.076734039808065202e-01
1.075288486748750272e-01
1.038394420360854442e-01
9.692399679904768750e-02
9.621547430317074767e-02
8.796425445546292299e-02
9.167978105144200529e-02
8.683743950230873865e-02
8.766991985216204819e-02
8.157270093119703414e-02
8.616055946885561867e-02
7.647916002235008448e-02
8.583831382558654299e-02
7.529017957108492809e-02
8.522456946008287459e-02
7.522510356345857296e-02
8.292810282398373201e-02
7.371313118443320600e-02
8.330445409285959502e-02
7.364111473103934769e-02
8.040051188098225332e-02
7.350469392606114039e-02
7.666744759946168830e-02
7.470852543869975493e-02
7.360730804359125190e-02
7.596011915877055876e-02
7.539488328519018678e-02
7.407261642380956468e-02
7.805053664686924242e-02
6.918743814488556576e-02
7.958840509773675020e-02
7.387664211643935053e-02
7.982318619864561815e-02
7.990609840560994326e-02
7.488763371657047863e-02
8.266764953658005399e-02
7.406761631771900667e-02
8.405670885991663177e-02
8.330266301008087959e-02
8.029513651083497461e-02
8.679378185957775660e-02
7.446695314892161355e-02
8.597518240125942568e-02
8.055745550946648292e-02
7.998386124958548060e-02
8.183031833753441620e-02
7.020432539249660264e-02
7.790635448318330991e-02
7.026477443627797415e-02
7.029164067795859450e-02
7.129225892366303219e-02
