0.000000000000000000e+00
0.000000000000000000e+00
0.000000000000000000e+00
0.000000000000000000e+00
0.000000000000000000e+00
0.000000000000000000e+00
0.000000000000000000e+00
0.000000000000000000e+00
0.000000000000000000e+00
0.000000000000000000e+00
0.000000000000000000e+00
0.000000000000000000e+00
0.000000000000000000e+00
0.000000000000000000e+00
0.000000000000000000e+00
0.000000000000000000e+00
0.000000000000000000e+00
8.958849584450389568e-08
0.000000000000000000e+00
0.000000000000000000e+00
0.000000000000000000e+00
0.000000000000000000e+00
2.687654875335116738e-07
0.000000000000000000e+00
8.958849584450389568e-08
0.000000000000000000e+00
8.958849584450389568e-08
8.958849584450389568e-08
8.958849584450389568e-08
8.958849584450389568e-08
0.000000000000000000e+00
1.791769916890077914e-07
0.000000000000000000e+00
8.958849584450389568e-08
0.000000000000000000e+00
8.958849584450389568e-08
2.687654875335116738e-07
2.687654875335116738e-07
8.958849584450389568e-08
2.687654875335116738e-07
3.225185850402140086e-06
7.794199138471837905e-06
2.302424343203749956e-05
4.076276560924927046e-05
7.910664183069693225e-05
1.403851729883375812e-04
9.863693392479877899e-05
4.695333067210448897e-04
1.060996556286459419e-03
1.992537736077610710e-03
3.157009005064472830e-03
5.815995561729347951e-03
5.371726210836452742e-03
6.995607286513929809e-03
1.708578039648871519e-02
2.709621974516189177e-02
3.875392276692796178e-02
4.868561382775381252e-02
4.107972970754712044e-02
5.527439975463785404e-02
2.593228600715009532e-02
5.666875510396170851e-02
6.522642740402041783e-02
6.243341645757216618e-02
6.897579554360874776e-02
4.322743471842741686e-02
7.597561348942735715e-02
5.007934205760676549e-02
7.390602964692348509e-02
9.093375669810495332e-02
8.759273292257588328e-02
9.748115273990884400e-02
5.780957501004562599e-02
9.854394106611219506e-02
6.853958915734184587e-02
8.600603107267386360e-02
9.066803721943016148e-02
7.142881814832710563e-02
8.802714753892587618e-02
6.541760925415258943e-02
9.915950362105976912e-02
8.625956651591382141e-02
1.041689339547010595e-01
1.133089314777490364e-01
7.968251668198540749e-02
1.325177800487608026e-01
1.093730400898124400e-01
1.411559924065836913e-01
1.258233692852760710e-01
1.320220869012531661e-01
1.166113426115691354e-01
1.008658061129141942e-01
1.278925947737965807e-01
1.078762850897383163e-01
1.197496276210020943e-01
1.121002930803108172e-01
1.044398495661348208e-01
9.511870410448926283e-02
9.659557045848592149e-02
1.033023444343971753e-01
1.008513823650832308e-01
1.041699194281553442e-01
9.553878456150415033e-02
8.758054888714102149e-02
8.267369738124169531e-02
9.455725300103176578e-02
8.141542695710564381e-02
9.821542005185039670e-02
1.012930536495966344e-01
9.521832651186835916e-02
9.078871292333269560e-02
8.925979565325040110e-02
1.020355631031558963e-01
6.986164659051920245e-02
9.437225275711286221e-02
9.817188004286996061e-02
9.942432721477613422e-02
9.139549580568753773e-02
9.327963146179329978e-02
1.024258105910545447e-01
7.127096321864909156e-02
8.819136325180884639e-02
1.023796725156946169e-01
1.007325880195934220e-01
9.291043727041808920e-02
9.215045806016916585e-02
9.815172263130494956e-02
7.307921741877455857e-02
7.396829365153541336e-02
9.422640268587800794e-02
8.784779137024517626e-02
8.635551579496328345e-02
8.411831187673432519e-02
9.289780529250402097e-02
7.246464033728126919e-02
6.599876982669587722e-02
8.664309486662413740e-02
7.593296936540538944e-02
7.615084858729921635e-02
7.298694126805471694e-02
8.091758368569773596e-02
6.415898047603314780e-02
6.272404153809173211e-02
7.835365052312387446e-02
6.651757680613140655e-02
7.409120906783407678e-02
6.398795603746598726e-02
7.796680739806731431e-02
6.283638551188072685e-02
5.718693496392632247e-02
7.645464317670792875e-02
5.843759036591559403e-02
7.560220863874747566e-02
6.259503410407564472e-02
6.738192661403917538e-02
7.388623058934183641e-02
6.137107607384803543e-02
5.511914289133932471e-02
7.217285060631570270e-02
5.522521567041922125e-02
6.878604710941008116e-02
5.973966956451961380e-02
6.675480714312764796e-02
6.337767920377324060e-02
5.544148229938785505e-02
7.209517738041852641e-02
5.316450108900394600e-02
6.981676275410110544e-02
5.916200294331425830e-02
6.637441438977188801e-02
6.547243741360941893e-02
5.842809398535608184e-02
7.313924171099037141e-02
5.351308992633491135e-02
7.249895273118969752e-02
5.766910024856144318e-02
6.682549246634895967e-02
6.930718338973755610e-02
6.346825317307201730e-02
7.530271429713929210e-02
5.844825139692109289e-02
7.740625217956824400e-02
5.665164370125541637e-02
6.801021073539667561e-02
7.461010563576545018e-02
6.810302441709159549e-02
7.479582258765109237e-02
6.266876543615566841e-02
7.734130052008098000e-02
5.250405469763825411e-02
6.257962488279038282e-02
7.520990061544439997e-02
6.549178852871183343e-02
6.946450078844051967e-02
6.315917286240847750e-02
6.767971877422630789e-02
4.774296367447794509e-02
4.836497660112633323e-02
6.377428747487684513e-02
5.184548966468530834e-02
5.559449945029026896e-02
5.499766089097417321e-02
5.397133508257954265e-02
4.539870150371481256e-02
3.694011408006013519e-02
5.332092260274844120e-02
3.884790109906884753e-02
4.394629280908371460e-02
4.721707920387070712e-02
4.324481488662124812e-02
4.116465960160771431e-02
3.246248105775182552e-02
4.032216938668600065e-02
2.587082829900076708e-02
2.900239417124539712e-02
3.429358032431764625e-02
2.886254652923212621e-02
2.940195886271188691e-02
2.411767102381967218e-02
2.624683121606014718e-02
1.918268873022517182e-02
1.797127308941579363e-02
2.341475968542369029e-02
1.909345858836404911e-02
2.112622155907583829e-02
1.757905465460855160e-02
1.922990186753522485e-02
1.655676032852691770e-02
1.375031110770198912e-02
1.865026429942128611e-02
1.416071600716566244e-02
1.718853840122236062e-02
1.354873699205185605e-02
1.513534925345802126e-02
1.471365620351794065e-02
1.220123642605467316e-02
1.518999823592316958e-02
1.180337391600923269e-02
1.436515695468281936e-02
1.121020848502277123e-02
1.245414474982370866e-02
1.253271386067933771e-02
1.080535807230145751e-02
1.355052876196874770e-02
1.121128354697290518e-02
1.370847328014260583e-02
1.146177298135413886e-02
1.167839796430614890e-02
1.504253557176311352e-02
1.432206488818161400e-02
1.550221414394126543e-02
9.441641988556419285e-02
3.744055541784753471e-02
2.306079553834205695e-02
1.374798180681003137e-02
