0.000000000000000000e+00
0.000000000000000000e+00
0.000000000000000000e+00
0.000000000000000000e+00
0.000000000000000000e+00
0.000000000000000000e+00
0.000000000000000000e+00
0.000000000000000000e+00
0.000000000000000000e+00
0.000000000000000000e+00
0.000000000000000000e+00
0.000000000000000000e+00
0.000000000000000000e+00
0.000000000000000000e+00
0.000000000000000000e+00
0.000000000000000000e+00
0.000000000000000000e+00
0.000000000000000000e+00
0.000000000000000000e+00
0.000000000000000000e+00
0.000000000000000000e+00
0.000000000000000000e+00
0.000000000000000000e+00
0.000000000000000000e+00
0.000000000000000000e+00
0.000000000000000000e+00
0.000000000000000000e+00
0.000000000000000000e+00
0.000000000000000000e+00
0.000000000000000000e+00
0.000000000000000000e+00
0.000000000000000000e+00
0.000000000000000000e+00
0.000000000000000000e+00
0.000000000000000000e+00
0.000000000000000000e+00
0.000000000000000000e+00
0.000000000000000000e+00
0.000000000000000000e+00
0.000000000000000000e+00
0.000000000000000000e+00
0.000000000000000000e+00
0.000000000000000000e+00
0.000000000000000000e+00
0.000000000000000000e+00
0.000000000000000000e+00
0.000000000000000000e+00
0.000000000000000000e+00
0.000000000000000000e+00
0.000000000000000000e+00
8.178239753314366801e-08
0.000000000000000000e+00
1.635647950662873360e-07
0.000000000000000000e+00
0.000000000000000000e+00
8.178239753314366801e-08
8.178239753314366801e-08
8.178239753314366801e-08
0.000000000000000000e+00
8.178239753314366801e-08
8.178239753314366801e-08
2.453471925994309643e-07
0.000000000000000000e+00
0.000000000000000000e+00
0.000000000000000000e+00
1.635647950662873360e-07
8.178239753314366801e-08
1.635647950662873360e-07
1.635647950662873360e-07
2.453471925994309643e-07
1.390300758063442396e-06
3.271295901325746721e-07
3.353078298858890111e-06
9.404975716311521941e-06
1.872816903508989827e-05
4.661596659389188164e-05
8.505369343446940521e-05
1.148224861365337038e-04
1.356769975074853508e-04
2.111621504305769123e-04
6.899163055895999024e-04
1.358814535013182050e-03
2.060262158654955263e-03
3.192703017296395079e-03
4.604021851525855712e-03
4.911441883852942988e-03
4.762434355547554357e-03
9.780684050578783775e-03
1.588647606800575734e-02
2.124068785210313573e-02
2.802805437057132726e-02
3.470370613400924203e-02
3.885890618787320866e-02
3.963093202058608905e-02
2.285580842098519291e-02
3.162140935338259712e-02
4.610539908609247173e-02
5.029290318698202700e-02
5.446822171063913504e-02
5.870095147736452412e-02
5.889281298197727998e-02
4.508549080645663648e-02
3.518074285882007157e-02
6.772964638262604642e-02
7.830819950353819225e-02
8.130208951243150794e-02
8.477105346859485635e-02
8.373985921809945498e-02
6.767984090252837648e-02
4.267323720881902732e-02
8.340569634177902314e-02
9.333473366148294093e-02
9.691901079816801767e-02
9.244289661638399602e-02
8.077107640524880394e-02
8.085637544587587211e-02
6.195082039053658590e-02
1.030705191758160277e-01
1.186947190949329961e-01
1.272517749136208853e-01
1.231202917550415221e-01
1.154809162190730404e-01
1.294660333268307373e-01
9.706450168337947548e-02
1.486695216563832522e-01
1.671057275322798408e-01
1.652497578026626834e-01
1.425760787809838004e-01
1.306860631332301959e-01
1.411418608754450577e-01
1.123757203671371108e-01
1.256768095019275833e-01
1.506264108645563315e-01
1.439270422058337995e-01
1.132906200483403819e-01
1.116562806160380505e-01
1.240219426878444303e-01
1.125063268559975405e-01
1.179258827757238975e-01
1.350958517906148126e-01
1.229408611748538105e-01
9.356625962889926484e-02
9.583220451735006973e-02
1.114871546179394962e-01
1.106252499303377046e-01
1.132870216228489268e-01
1.197026053621314534e-01
1.030513003123957327e-01
7.930005642082015027e-02
8.492693071829303386e-02
9.575058568461200514e-02
9.781918964781534387e-02
9.909532217892251527e-02
1.001095056907310293e-01
8.356819796567738212e-02
6.366890499791286184e-02
7.598836001511302674e-02
8.644505736370078353e-02
8.972755745348856560e-02
8.942651644816906886e-02
8.919597186952313295e-02
7.093576171311788414e-02
5.721382036062184345e-02
7.246934523165939057e-02
8.069804472425171071e-02
8.357089678479598382e-02
8.190670677739403382e-02
8.111701594681400285e-02
6.471154878406291944e-02
5.513409399135399402e-02
7.087409778537789862e-02
7.558116545779551554e-02
7.826657226319382044e-02
7.708040036937310879e-02
7.866133589608630128e-02
7.212602272681525872e-02
5.350613358605924019e-02
4.998270255313880944e-02
6.628463320061293851e-02
6.985042751545553208e-02
7.161193857592192125e-02
7.018467217417349857e-02
6.591105120868154255e-02
4.715352229287723962e-02
4.829765803436592009e-02
6.602235705172414260e-02
7.030448338655954921e-02
7.220608769400020666e-02
7.146775620907097615e-02
6.837662692951075594e-02
4.632735651299742935e-02
5.281899788198576862e-02
7.146890116263644732e-02
7.553446770880409278e-02
7.544409815952995979e-02
7.788530272589430647e-02
7.326917707953353731e-02
4.984138257020153534e-02
5.377053607728388834e-02
7.672611902325952860e-02
7.847372707614526377e-02
7.959848038941859383e-02
8.185305752461229101e-02
7.706044546437501586e-02
5.684220114623123737e-02
5.308389106759561771e-02
8.157262568347115050e-02
8.114040571250848155e-02
7.997214416374752444e-02
8.018036214786690430e-02
7.065369422402607846e-02
5.474464621430116806e-02
5.326340343018087092e-02
7.415962382387440710e-02
7.108256111668988242e-02
6.887247360575420030e-02
6.629068509803039133e-02
5.252564442203437600e-02
4.159068361267280467e-02
4.625636939193865371e-02
5.677677522820472750e-02
5.456652415247398302e-02
5.219041837454602845e-02
4.706953177061069804e-02
3.337024414223134505e-02
2.850329188263642580e-02
3.371781933174720219e-02
3.632667781305447957e-02
3.400332168153540752e-02
3.134866505760956074e-02
2.657862493909142129e-02
1.777311419669784509e-02
1.809149307029437465e-02
2.179697172012358061e-02
2.359871972017626648e-02
2.317320590581132059e-02
2.214667325197530387e-02
1.890228375943796280e-02
1.243648562807008959e-02
1.491375623174654580e-02
1.743739745482429312e-02
1.878917870364962481e-02
1.803866164148796442e-02
1.671076085274231238e-02
1.406133830225858757e-02
9.346664866870389027e-03
1.158938355442178797e-02
1.352590894560909592e-02
1.461116136087391333e-02
1.418213090341504182e-02
1.336250771533787664e-02
1.155421712348253700e-02
7.554567189726612772e-03
9.122826444822176167e-03
1.137993883433940749e-02
