6.469920040994325827e-02
1.303224193584572033e-01
1.343458346190586905e-01
2.112952627219617519e-01
1.776674488071073310e-01
9.527822259635429503e-02
9.185864585200295696e-02
4.639761803568526188e-02
7.314975693344603902e-02
8.001683864974179494e-02
7.883971557563393406e-02
9.697460382793331168e-02
7.434382790634969096e-02
1.191364083152332831e-01
1.112287415263957663e-01
1.339784710099498621e-01
1.607326786653101303e-01
1.357233089099168233e-01
1.480873978384483758e-01
1.572122897717837808e-01
1.734481381153544777e-01
1.478129691861164718e-01
1.492194060833674230e-01
1.756492962012081993e-01
1.467551975119789909e-01
1.532475953999677398e-01
1.586557256030255714e-01
1.522423383418172183e-01
1.367151986112706552e-01
1.390084164103015385e-01
1.568301265890786333e-01
1.266199797961760354e-01
1.316486521149280720e-01
1.275502046075452089e-01
1.240742940024078256e-01
1.034207729403335274e-01
1.020518123826732598e-01
1.096561674803860492e-01
8.504471529249400807e-02
8.511425737487673948e-02
9.015048861562688365e-02
8.529503496203187651e-02
7.593907871835380019e-02
7.575702804959898173e-02
7.991992531296585045e-02
6.406448966490077557e-02
6.311731695473583870e-02
6.941397854677316959e-02
6.277621065362049002e-02
5.977881959476438051e-02
6.224247119295295977e-02
6.392309803973586502e-02
5.487013521678259231e-02
5.323772633558770950e-02
5.727427025018593659e-02
4.907618172142051011e-02
4.712017141110593638e-02
5.074773786180566265e-02
4.899303357944113924e-02
4.519296457198422601e-02
4.386848230271293142e-02
4.686006492677049357e-02
4.207988222275681200e-02
3.956737611818035572e-02
4.403676777667116238e-02
4.139026983372796203e-02
4.126240470055968917e-02
3.862776233001354032e-02
4.143275893211741112e-02
3.886463507515475896e-02
3.628958883699381910e-02
3.995415422168437092e-02
3.722554251556153826e-02
3.799265374697115977e-02
3.415526753512351105e-02
3.788436224339803565e-02
3.584655644030377425e-02
3.335449920892223641e-02
3.757476471187486816e-02
3.427445979989392905e-02
3.594545896707922183e-02
3.256693910431768951e-02
3.383962286600184638e-02
3.393383090437846611e-02
3.038535464805910621e-02
3.334017704092578915e-02
3.144591118819590331e-02
3.187740628288882050e-02
2.880927962765025135e-02
2.977483245341062609e-02
3.034254727926973330e-02
2.758465469635417236e-02
2.918507740235698478e-02
2.795154089986311499e-02
2.865356583448889355e-02
2.657144087820562800e-02
2.541564192089246915e-02
2.771498642512182711e-02
2.470024962947000788e-02
2.392629558446208310e-02
2.656404109140746150e-02
2.360412637214203899e-02
2.576343190040615225e-02
2.357015100695047244e-02
2.346639485657622121e-02
2.508893735537354522e-02
2.279683350274238837e-02
2.339207871819466364e-02
2.423454046678558474e-02
2.335492064900388659e-02
2.433933099595958147e-02
2.265647625637722332e-02
2.396902338565148199e-02
2.348620718897130241e-02
2.319944555864247165e-02
2.380097661449318697e-02
2.370064187091808564e-02
2.385213858128049091e-02
2.338762293259577171e-02
2.376827433090130184e-02
2.334020064300754149e-02
2.408320289162314484e-02
2.421878608198949762e-02
2.356951446615062826e-02
2.509609843937176885e-02
2.381012688849091369e-02
2.531451150131756173e-02
2.465242950188187634e-02
2.462187554348945970e-02
2.607915613712779787e-02
2.520431037534491547e-02
2.570296052442115967e-02
2.628889633067574630e-02
2.616564611830633422e-02
2.715984328005960000e-02
2.649609036102432147e-02
2.719039723845202011e-02
2.811338139822295440e-02
2.820353148900058005e-02
2.855514071331331782e-02
3.027539222488639589e-02
2.965985727143915368e-02
3.116161615346645791e-02
3.105873524669199026e-02
3.116997075146438548e-02
3.297344997261680843e-02
3.300965323060782441e-02
3.338998635851343072e-02
3.514795291247714559e-02
3.478719341416668109e-02
3.681537153766333698e-02
3.596845400347351701e-02
3.649829465174202203e-02
3.936042079063171995e-02
3.865314439440725031e-02
3.918473552987531555e-02
4.130131325695003686e-02
4.088302638385384741e-02
4.255712868743836974e-02
4.136807047333346948e-02
4.376313480033907494e-02
4.526043789676748030e-02
4.490182672365648081e-02
4.581351228423021643e-02
4.797671662489336880e-02
4.733603830985236294e-02
4.839762922878890206e-02
5.000298512599049561e-02
5.077709830619837883e-02
5.144323825323305482e-02
5.198748063709798806e-02
5.225673739543117841e-02
5.290401982127053426e-02
5.258742034094910506e-02
5.216093800505494649e-02
5.307540843162800170e-02
5.152781861201206903e-02
5.250833014656872827e-02
5.123890865648376980e-02
5.103330597813479641e-02
5.095835329895340160e-02
4.959392809449201384e-02
5.009950062476654919e-02
4.873101747270616735e-02
4.873451844710530168e-02
4.771271132815888688e-02
4.739340654943812597e-02
4.808930477886542987e-02
4.797273824489435567e-02
4.903950105782960839e-02
4.813083906605511442e-02
4.869234761911576254e-02
4.788537302011603575e-02
4.759272338738866626e-02
4.840574512398689022e-02
4.790645843411080185e-02
4.879292106549080327e-02
4.732967290185394887e-02
4.754514196260047065e-02
4.660425509283397383e-02
4.498608881203556425e-02
4.610465013255796163e-02
4.610918548575684145e-02
4.753217244380368578e-02
4.709765378031152694e-02
4.532751338355082982e-02
4.747631598861755398e-02
4.435615212299189730e-02
4.271013718220040278e-02
4.705031105832327420e-02
4.326758778766205682e-02
4.583236980542553657e-02
4.200190597477616861e-02
4.029470354959985290e-02
4.191191501919849793e-02
3.732476331273691661e-02
3.756943368267619265e-02
3.802535603056304836e-02
3.581990129431038283e-02
3.499892279771413262e-02
3.207035771284092590e-02
3.064840513359382360e-02
2.932304762072274196e-02
2.796275993146033270e-02
2.571672571921774370e-02
2.572714907481515878e-02
2.250529781641474186e-02
2.208446478011918263e-02
1.855723307299455421e-02
1.636061034033969852e-02
1.647200498031205565e-02
1.337905323387965015e-02
1.218776712697529699e-02
1.081546473011586913e-02
9.019783133761512250e-03
7.745905858077657517e-03
6.209137232059046448e-03
5.893015157337499511e-03
4.952923963570807046e-03
4.289966720535336349e-03
3.630351316699036764e-03
3.141885820420261318e-03
2.682780768534200316e-03
2.296241367830129717e-03
2.093025717480562469e-03
1.743007845167428640e-03
1.459588054037766394e-03
1.222635741296571998e-03
1.101454286526646351e-03
9.710429901590110751e-04
9.226658893710170751e-04
8.116690873985638608e-04
7.632124190105895548e-04
6.848383330300400734e-04
6.297775538437047150e-04
