4.725300483526239867e-03
2.329117645837345749e-02
1.194413403501198845e-01
2.538160905859480621e-01
1.899965090974186921e-01
1.137475445047971823e-01
6.456985767567820222e-02
3.935719810236266991e-02
9.815029770347831473e-02
1.255980696070516378e-01
1.391828738669022847e-01
1.280511229485731817e-01
1.198750666064223730e-01
1.303201712116633659e-01
1.399971276323417058e-01
1.837350513264591478e-01
1.920259891461490731e-01
1.803689962182236095e-01
1.617768338036004727e-01
1.532047423436618538e-01
1.433948933663386494e-01
1.376385803004906982e-01
1.615686285107722497e-01
1.640910836165698494e-01
1.527410439827471822e-01
1.409818260112487009e-01
1.273838089906641768e-01
1.136478229316790767e-01
1.106358698111126471e-01
1.336084101132606894e-01
1.434088710763782026e-01
1.392508152734130145e-01
1.273952832302488736e-01
1.105998476529012203e-01
9.741643315597792174e-02
9.562401785115247355e-02
1.086181421653508450e-01
1.124122211805194810e-01
1.068770480048497895e-01
9.645475279708631833e-02
8.455464507165667831e-02
7.719569366962998613e-02
7.658630723641232652e-02
8.284505291437914420e-02
8.533162494365724438e-02
8.277043558665546363e-02
7.632441641049679537e-02
6.876080629878625339e-02
6.595031300898915316e-02
6.674391314317607016e-02
7.007005180582596970e-02
7.172317679617748465e-02
6.991629699539068932e-02
6.579655819855387278e-02
6.050220497247141976e-02
5.997167785858147776e-02
6.176193739718190828e-02
6.412048472903292273e-02
6.495274957357805024e-02
6.326749671238932060e-02
6.056799061275715962e-02
5.731208820453496250e-02
5.719240840862400976e-02
5.923280637017137862e-02
6.177000413531420764e-02
6.244302044259259638e-02
6.075018762919334736e-02
5.846890017721279725e-02
5.575527728584912801e-02
5.585604197165678492e-02
5.729922314803087557e-02
5.809880379497104480e-02
5.746862464880895388e-02
5.475020343907349707e-02
5.207941770882612564e-02
4.968338786099835841e-02
5.013053550057265662e-02
5.084430274358830298e-02
5.141926645805180995e-02
5.081794676296643581e-02
4.892622713009867064e-02
4.718158638645324893e-02
4.596823770600342446e-02
4.616100493102674035e-02
4.716072413266285401e-02
4.744403353913651672e-02
4.703527244653656070e-02
4.575996287232923093e-02
4.360788231215725202e-02
4.255197410697899446e-02
4.191859608190236230e-02
4.217381098660495653e-02
4.217840068243884633e-02
4.208507686714977464e-02
4.097499634296244281e-02
3.965413751464607478e-02
3.890045382604478269e-02
3.848550359815367666e-02
3.889064856676329590e-02
3.910886774141091038e-02
3.910608610757219245e-02
3.821137358334777967e-02
3.746373994834571036e-02
3.717952651087445826e-02
3.728049981922000600e-02
3.751735594058704798e-02
3.768592295121350050e-02
3.756930295252514790e-02
3.684920749252641042e-02
3.593022521305916372e-02
3.527549814827035668e-02
3.511082542501811621e-02
3.495032515252394917e-02
3.523071384346696672e-02
3.516117299749894898e-02
3.462800333146222320e-02
3.393182992247648078e-02
3.330867440175715177e-02
3.304309791100532023e-02
3.274518492687836929e-02
3.304921750545050663e-02
3.314142866720409114e-02
3.300269467949790841e-02
3.260846762370526314e-02
3.195360147722452193e-02
3.170791366841953923e-02
3.115283863590288804e-02
3.126813735851784876e-02
3.109984851127526803e-02
3.109804044928009617e-02
3.123496637499110704e-02
3.109755366335832313e-02
3.070158808641647655e-02
2.982718148921472551e-02
2.955492907724997093e-02
2.933580587160477399e-02
2.940360819642358348e-02
3.010485808716498873e-02
3.050610876840039939e-02
3.073169927272062160e-02
2.968198020283352445e-02
2.879609936604705239e-02
2.761091472821426696e-02
2.803080235616910859e-02
2.905785111027063897e-02
3.022293844361866738e-02
3.074950172928843373e-02
2.993802959768773406e-02
2.879248324205671561e-02
2.743205567238454420e-02
2.816376445365994033e-02
2.999220191669681526e-02
3.167509038912263986e-02
3.203009640778933104e-02
3.118531421096995201e-02
2.953045069946923229e-02
2.744582475988621359e-02
2.772419676629615456e-02
2.878997977160186600e-02
2.905152289328755133e-02
2.812628193768318408e-02
2.639860916045395911e-02
2.435890660736627494e-02
2.281781191986921586e-02
2.327497344126290904e-02
2.398157797714385239e-02
2.338526522296817400e-02
2.217442001297319221e-02
2.080105784595097720e-02
1.898798890987303534e-02
1.700746561670412813e-02
1.474884848050915000e-02
1.471080963776464669e-02
1.522409062185452536e-02
1.535753950526713534e-02
1.451811195358729441e-02
1.341192571677416769e-02
1.199621317455743137e-02
1.013349207445833275e-02
9.382659560541734348e-03
9.311032489194685097e-03
9.841698684776564732e-03
9.703938268913938486e-03
9.103174900596304464e-03
8.331688755427208923e-03
7.258812583832758951e-03
6.523209515183155116e-03
6.010971643782798274e-03
6.339204436751802452e-03
6.543237278821941588e-03
6.488300010507214687e-03
6.141708434202655664e-03
5.583782227001315990e-03
4.916051024016489593e-03
4.223006953099307445e-03
4.112297926318236527e-03
4.206734395142793653e-03
4.231908181383213507e-03
4.023007480095312782e-03
3.662924979672959637e-03
3.260213940672217290e-03
2.831494625279439275e-03
2.541717920130744362e-03
2.415570825544775032e-03
2.440814152631162401e-03
2.291927201413654011e-03
2.133791317682401118e-03
1.938937867280038320e-03
1.721066396862264885e-03
1.572735772412500949e-03
1.339843479265637443e-03
1.311262191572785517e-03
1.270163551605691830e-03
1.201039950713490671e-03
1.095963732455828340e-03
9.953381283401186060e-04
8.974941580631295166e-04
8.341424473862728414e-04
7.568825675158144615e-04
6.947825920663820492e-04
7.495807786891733795e-04
6.616116085396416295e-04
6.074392895305622680e-04
5.607078410400598853e-04
4.806663273308810777e-04
4.356733999895790301e-04
4.180100251137045908e-04
4.143939011233681324e-04
3.778849569901631560e-04
3.303190183480447426e-04
3.173148801520269627e-04
2.813622627865661153e-04
2.595264371526111429e-04
2.652983273679558975e-04
2.449924003452971983e-04
2.322664255331514287e-04
2.157852450387332227e-04
1.964528898596265864e-04
1.854654361966811247e-04
1.775377797563280468e-04
1.888033968031455458e-04
1.821970164361846520e-04
1.742693599958316012e-04
1.657853767877344486e-04
1.547283822788209572e-04
1.372040890948825773e-04
1.250344410504809366e-04
1.374127116327866121e-04
1.218355621359525071e-04
1.150205592310875785e-04
1.091791281697747807e-04
8.664789407613972846e-05
7.016671358172150888e-05
5.577175846634354906e-05
4.819180625583052458e-05
