1.202301083016625999e-01
6.361143620309658853e-02
7.204214682243667567e-02
1.598838902500381298e-01
1.334790251663511285e-01
1.516719155052022039e-01
1.533140273009337973e-01
1.104452173330458670e-01
1.616974867240824343e-01
1.298372616246803446e-01
1.712786253435790718e-01
1.535657977195917512e-01
1.616371986810017369e-01
1.821544821328754671e-01
1.386118854447646043e-01
1.801818479248335214e-01
1.454526316559301979e-01
1.743047075685831560e-01
1.543195162386154506e-01
1.587320464837035650e-01
1.679242623360464870e-01
1.323533140840525424e-01
1.619922610403977947e-01
1.352472581324413725e-01
1.559588554922483883e-01
1.384494852660941577e-01
1.453875654019986807e-01
1.470035445136942953e-01
1.268072270524293055e-01
1.404617019368632758e-01
1.260901414832618916e-01
1.346887973654696813e-01
1.247429219843605164e-01
1.258429133144250700e-01
1.257251687606196766e-01
1.090593002252785992e-01
1.186477536366949692e-01
1.049226674141322257e-01
1.108835149456580543e-01
1.003151153780217908e-01
1.024578774884558896e-01
9.778042199730566097e-02
9.126483008502545013e-02
9.178624497033892327e-02
8.715415298714281056e-02
8.735359904747144744e-02
8.384763107837582552e-02
8.211986542887399210e-02
8.239021777861850471e-02
7.546328680136590861e-02
7.831351906900835269e-02
7.297749634404891717e-02
7.509908095207011580e-02
7.102993299540939776e-02
7.229857747143064728e-02
7.029963360858047794e-02
6.919657478513020765e-02
6.806525962837696453e-02
6.731614234943184005e-02
6.556365978207208400e-02
6.510335880344314541e-02
6.298802716270821000e-02
6.352442557340573503e-02
5.904853979185119978e-02
6.029470897979637145e-02
5.618125933981509695e-02
5.711247954340810395e-02
5.341809669212091438e-02
5.437539058949247134e-02
5.212697692802359395e-02
5.140818064139108384e-02
5.073415796013847068e-02
4.927167149824324133e-02
4.889973792522576274e-02
4.709498998979407686e-02
4.662867200490855568e-02
4.496266915492288380e-02
4.401628845517356614e-02
4.300124309579025222e-02
4.175961615766624058e-02
4.099911375903952937e-02
3.948624961730974603e-02
3.878479646635798334e-02
3.786307369420918723e-02
3.655142532053057280e-02
3.610693373088954411e-02
3.456634416817351563e-02
3.457318703803394927e-02
3.298835478225478623e-02
3.335816470600523609e-02
3.181610038685377118e-02
3.225410304817887680e-02
3.036936432368902983e-02
3.108934041546989810e-02
2.906768530351397720e-02
2.985833172368103014e-02
2.748739529755596031e-02
2.840717139120997256e-02
2.588875932154109660e-02
2.636610848456368700e-02
2.424647055503726528e-02
2.450360908712024416e-02
2.255716655337166796e-02
2.269484981418416411e-02
2.079088026577620082e-02
2.114611959594452431e-02
1.873447989220135973e-02
1.944613835768635446e-02
1.672928306206493063e-02
1.773235339919248740e-02
1.513223982300033847e-02
1.611755409264522057e-02
1.380212749875003690e-02
1.419305593465595983e-02
1.251041783207854259e-02
1.256356805401173150e-02
1.127480790021111179e-02
1.102451223798856308e-02
9.925877683844621172e-03
9.630513464955083383e-03
8.718052163220843531e-03
8.628917884262966506e-03
7.641067033549131873e-03
7.509695730280308706e-03
6.728369770785220909e-03
6.645193507826513239e-03
6.002789604549692119e-03
5.966038674178574842e-03
5.346522990779751031e-03
5.231668959587835489e-03
4.814076927329192200e-03
4.546084187881386379e-03
4.250955930021520571e-03
3.928928114779263285e-03
3.682171868001766091e-03
3.419193300434449946e-03
3.168661677182230997e-03
2.933290550086315764e-03
2.670606933806087425e-03
2.532923672993589535e-03
2.285577523641916728e-03
2.220216318423301298e-03
2.055869461258083477e-03
1.939894615175233837e-03
1.853709849088232926e-03
1.714138900038374375e-03
1.719742974493039230e-03
1.517170430521265967e-03
1.537758030359981419e-03
1.371582475214820065e-03
1.302209932491813502e-03
1.289350056374793593e-03
1.124885218694740216e-03
1.167653155322444193e-03
1.015222330155565516e-03
1.073327733711825459e-03
9.666733483009444343e-04
9.932189641388294594e-04
9.810079808534022915e-04
8.970058542908499561e-04
9.217227721487919901e-04
7.517128502714917528e-04
7.780225050797067495e-04
6.852898204193610867e-04
6.741996520248668247e-04
5.936189603925308769e-04
6.004618302529634351e-04
5.528566925170226836e-04
4.982907044058141428e-04
5.288476577480909517e-04
4.279153273067095795e-04
4.634864525294757928e-04
4.108081526556280213e-04
4.351121387116473971e-04
3.725234755916557766e-04
3.871530594312014403e-04
3.603124923062285545e-04
3.567140866037596999e-04
3.697509334930322382e-04
3.223817567867615151e-04
3.399018632397657314e-04
2.723580184967022678e-04
3.067493385711179596e-04
2.497647499057910857e-04
2.646892850324243391e-04
2.403263087189874561e-04
2.513574868560642110e-04
2.297080623838333594e-04
2.333654583437197753e-04
2.171431375539010133e-04
2.080586379116025077e-04
2.023365829421028283e-04
1.813950415588822787e-04
1.835776810833306106e-04
1.595096560569813715e-04
1.683581946696097674e-04
1.534336595429765140e-04
1.605124904330792362e-04
1.477705948308943417e-04
1.420485398613946352e-04
1.327280791894260470e-04
1.284217903979468904e-04
1.211659887355916063e-04
1.171546512312000664e-04
1.155619142809269546e-04
1.027610284213245395e-04
1.030559797084121428e-04
9.385349955127860941e-05
1.018761745600616891e-04
8.394313630513478757e-05
9.798281757050519055e-05
7.857502288014023208e-05
8.665668814634083241e-05
8.152453575101637308e-05
7.999078905816076838e-05
7.444570486091363739e-05
7.326589971256318369e-05
7.031638684168704269e-05
6.825172783207375212e-05
6.878264014883146509e-05
6.123188719938855063e-05
6.512524418894504916e-05
5.645367634856922199e-05
6.370947801092451286e-05
4.825403056753356003e-05
6.323755595158432055e-05
4.200106328127615411e-05
5.562781274472389221e-05
4.294490739995651842e-05
4.577643975599761134e-05
4.436067357797706827e-05
4.123418993484836531e-05
3.981842375682781546e-05
3.669194011369911250e-05
3.586607650985379627e-05
3.020301179777161720e-05
3.521718367826104877e-05
2.760744047140062043e-05
2.984907025326648312e-05
2.689955738239034551e-05
2.654561583788521143e-05
1.681222336399396848e-05
3.008503128293657251e-05
1.209300277059215033e-05
2.459893734310696217e-05
1.114915865191178941e-05
2.200336601673596540e-05
7.727723721695473031e-06
1.787404799750937410e-05
5.545084197247133533e-06
6.842869860432632763e-06
4.070327761809065573e-06
3.716386217303929804e-06
2.064659009613293959e-06
2.300620039283385036e-06
