5.766370443008053681e-03
2.293818640448506280e-02
1.170485328260459784e-01
2.834366014782420673e-01
3.507049661119078232e-01
4.820431028841007937e-01
4.993086297527962181e-01
3.261642453374929973e-01
2.077558426773166989e-01
2.740071537752756248e-01
1.326867174147058626e-01
1.520515738631245395e-01
1.125290695223641058e-01
8.165213954813155262e-02
4.359698239241624473e-02
3.484637253773711918e-02
3.967503229019837818e-02
2.705014174116516373e-02
2.676692104990026355e-02
2.145756822615934450e-02
2.176495981985257164e-02
1.438080221197091287e-02
1.500142463640081157e-02
1.701330721773397850e-02
1.333656968202548074e-02
1.390166627056950953e-02
1.138092072288648081e-02
1.193968262397125321e-02
8.185584044765931502e-03
8.695827194416971828e-03
9.562865422080343153e-03
7.794036659016237260e-03
8.527232495780714266e-03
7.134273651737534604e-03
7.765406702845637464e-03
5.763503908459452311e-03
6.274065561949224677e-03
6.987655717973887542e-03
5.844014601028193166e-03
6.703514904508206008e-03
6.163792455116610600e-03
6.776558451524417916e-03
5.501941478228432325e-03
5.972831709138180095e-03
7.091771083924321671e-03
5.891577840945727389e-03
6.711265164584053096e-03
6.136755018139679677e-03
6.730092280384744087e-03
5.151233362467452608e-03
5.366506568135872603e-03
6.448074825843951204e-03
5.562457207587794862e-03
6.267695485174556123e-03
5.470940437925040506e-03
5.955738669792816180e-03
4.302385242927305592e-03
4.518189288326947099e-03
5.345909986564440636e-03
4.683351223367966144e-03
5.208811778647384240e-03
4.566920375653171250e-03
5.191860296563679394e-03
3.766484839600512443e-03
4.303093029235601809e-03
5.046905660624529007e-03
4.504316676684333963e-03
4.992547672147349021e-03
4.219963527326162957e-03
4.669124718571204466e-03
3.112101008264863983e-03
3.699528254835651384e-03
3.859983410926497247e-03
3.408628082125736685e-03
3.694396804100500992e-03
3.266292255527284728e-03
3.657238022914927923e-03
2.675042962891695502e-03
3.173819974348329916e-03
3.352677574454888260e-03
2.941312172072887369e-03
3.497561431763208679e-03
2.754279640105502993e-03
3.311944472412417170e-03
2.546225854781709007e-03
2.804567857309978648e-03
3.283916134603870590e-03
2.867879342587112152e-03
2.824421263257699197e-03
3.326277145155424018e-03
2.606246133725263064e-03
3.280129477854483531e-03
2.555462466104979798e-03
2.963713608730475513e-03
3.068041310573398680e-03
2.781777138182827194e-03
3.159664248182397338e-03
2.649491877162187415e-03
2.996024053704216764e-03
2.190740181439727007e-03
2.637424120605729588e-03
2.579881093741213591e-03
2.406473448208539846e-03
2.694754811577756547e-03
2.306675578738714722e-03
2.692312948814133255e-03
2.243753375931144527e-03
2.663222931543141915e-03
2.564274405643272945e-03
2.417691861195041085e-03
2.783900497107716712e-03
2.406013387108146568e-03
2.915017910719667430e-03
2.421053846159449633e-03
2.867843953271696951e-03
2.756933838761615324e-03
2.595240056631250430e-03
3.022212147111191967e-03
2.600973125728453170e-03
3.021221246279577177e-03
2.507722279610372172e-03
3.016160574175255887e-03
2.865649815715977464e-03
2.683890291745403417e-03
3.172758294885885157e-03
2.726038966404467807e-03
3.194168830711858077e-03
2.607874042234345404e-03
3.145614689962709064e-03
2.949840997087861943e-03
2.782272588598634806e-03
3.249942391805632665e-03
2.731170417139618199e-03
3.154037347031438902e-03
2.587454407239987274e-03
3.173112188040033699e-03
2.903162490055699076e-03
2.813344407532857028e-03
3.273724011764399342e-03
2.708025804858318203e-03
3.139421559765113914e-03
2.566999382930214811e-03
3.096954381267316182e-03
2.817838850590540303e-03
2.621640485930714672e-03
3.085063571287932627e-03
2.563389672757902023e-03
2.959219165672792237e-03
2.479304659332262715e-03
3.003880481726309455e-03
2.694223971846534168e-03
2.525310769371543699e-03
2.979709579297979468e-03
2.464547314804277790e-03
2.892156412961686442e-03
2.368005262352617778e-03
2.967075593694884494e-03
2.612686989130762454e-03
2.489107499702171086e-03
2.983000785631558915e-03
2.430927465160187973e-03
2.872196839067721590e-03
2.348541138874460105e-03
2.955078615769256636e-03
2.610846744729191510e-03
2.396635218523216274e-03
3.072040303215274777e-03
2.286220554428942259e-03
3.081241525223130800e-03
2.491018522734571999e-03
2.671150138196063707e-03
3.117657130784992452e-03
2.575846711783922726e-03
2.447737389982232881e-03
3.044967476922929087e-03
2.353814146871270000e-03
2.993405244363519201e-03
2.404597814491553267e-03
3.023273826573637160e-03
2.636185494566210558e-03
2.412206517305742152e-03
3.106863389583468856e-03
2.356822238681530873e-03
3.093203113833344325e-03
2.516109547363687242e-03
3.167449897573660061e-03
2.813485964794516098e-03
2.543040816394374296e-03
3.347510734404323101e-03
2.494309729068151012e-03
3.357773635874624317e-03
2.726180523666126877e-03
3.477389521976754355e-03
3.138855330718476333e-03
2.821023888977875448e-03
3.795433299609844713e-03
2.854396013414061458e-03
3.989437526713950424e-03
3.306777632361852012e-03
4.354407536587107455e-03
4.145929079478335826e-03
3.754310915097810748e-03
5.429534938889687100e-03
4.230297207427294141e-03
6.496239684123537340e-03
5.898761871974938197e-03
8.353223231885989475e-03
8.687262980086582487e-03
8.026579850607094141e-03
1.355541720855079832e-02
7.074571876632712586e-03
1.820921835354738158e-02
7.210608405087325090e-03
5.870868013564967125e-02
1.286684729852442290e-02
6.700648369959603771e-03
5.529226640413267488e-03
3.730564684454458404e-03
4.296722952460932388e-03
1.661174465572188728e-03
3.739058120154018210e-03
3.713542423739924891e-03
3.413971868753376115e-03
3.621424035715118186e-03
2.882318183276363303e-03
3.526368334510881011e-03
1.355941620119267615e-03
3.262647156039557173e-03
3.408238799656173809e-03
3.250508620852269812e-03
3.501843538928402916e-03
2.853157387374541994e-03
3.571702047557280112e-03
1.347200459211804003e-03
3.394684691852293146e-03
3.733218883110570735e-03
3.649629320100739038e-03
3.778941878626533146e-03
3.181145562639200227e-03
3.585503880569064147e-03
1.400178264387806973e-03
2.270436919753927342e-03
2.395573539060771515e-03
1.579212811071439154e-03
1.026927154707579391e-03
5.563200383211506280e-04
3.607586813387919492e-04
1.355410780388044856e-04
1.566684993414588863e-04
1.436098419533860795e-04
1.093175953164143935e-04
1.108039465638373109e-04
8.493435699559551697e-05
1.062741141907388748e-04
6.819521080438022500e-05
