2.800928860082306238e-01
3.570858965918645711e-01
3.840234860546388740e-01
4.293661806670734937e-01
4.551091043378814871e-01
3.404385627807497983e-01
1.765544885793228491e-01
1.598584127204493999e-01
1.736429516025391750e-01
1.305781113740341060e-01
1.033633217488770378e-01
7.821228121742088146e-02
5.606234792025335117e-02
3.493247237090398721e-02
2.526647465046551883e-02
3.454498208422002170e-02
3.065155364203290406e-02
2.578371590856325460e-02
2.194082811368313485e-02
1.865931920981583197e-02
1.583375529144048430e-02
1.308315700223793704e-02
1.728680789451441172e-02
1.662240522137544557e-02
1.431167243770312299e-02
1.220169933561112384e-02
1.066083910258959662e-02
9.331853896356831837e-03
7.871067315225252839e-03
9.287680291450788397e-03
9.218793928751214256e-03
8.426223051800980218e-03
7.676854536000711146e-03
7.248428123597619455e-03
6.686761456657077871e-03
5.972861323949122184e-03
6.873923725652314812e-03
7.227888116756129092e-03
6.956875136819530049e-03
7.234363075129978359e-03
6.990472976381618964e-03
6.357545795337758363e-03
5.881708298841696429e-03
6.532693419350407704e-03
6.388625595532239181e-03
6.068906539827900910e-03
6.429849497179086597e-03
6.386143528155596889e-03
6.239413777005957916e-03
5.861096348018273589e-03
5.964587766026980924e-03
5.671919647528949823e-03
5.168347745998229555e-03
5.271947079979833438e-03
5.168743437898853411e-03
4.994567057642282544e-03
4.582903593029269938e-03
4.757727469123226166e-03
4.795965695519909151e-03
4.697798132174146185e-03
4.766864354828549352e-03
4.861326803104830049e-03
4.652761199484920819e-03
3.979077752676769136e-03
3.789505360286820647e-03
4.115123822509556169e-03
3.690366553184980074e-03
3.443742583123217318e-03
3.471656848112705113e-03
3.506225931430872501e-03
3.268810791056363674e-03
3.579932540919867571e-03
3.689251421465039246e-03
3.505686351566384990e-03
3.371978461146377028e-03
3.270393558658859969e-03
3.282839867533038965e-03
2.875421097853995273e-03
3.012977991307346989e-03
3.053626341098740222e-03
2.993085480303240252e-03
3.028589835386519442e-03
2.999596410668056625e-03
2.848657936575414110e-03
2.574299561478993019e-03
2.845960037252976554e-03
3.068626661331493120e-03
3.089094724191053173e-03
3.006898724834121146e-03
2.997078371300448095e-03
3.053230649198116365e-03
2.911141284883069294e-03
2.585558794651299144e-03
2.726892747156063872e-03
2.907328253840690910e-03
2.914342792079028556e-03
2.706316768323606403e-03
2.561745336631917041e-03
2.354043060795187135e-03
1.924969152554711384e-03
2.160801525326723482e-03
2.373719739853499041e-03
2.493974105652284161e-03
2.504513899005274182e-03
2.361956898807670777e-03
2.158751121841670853e-03
1.858133193340190522e-03
2.251199138623866027e-03
2.491312178320812410e-03
2.673402396589867787e-03
2.730669806207476884e-03
2.666891466225051847e-03
2.419907776253630606e-03
2.084073268596598177e-03
2.387676872348243155e-03
2.716388925794040090e-03
2.869521691335598455e-03
2.938587913990001188e-03
2.814808293076564126e-03
2.521276846795353268e-03
2.099397336748043755e-03
2.490700654474393289e-03
2.849701124313423328e-03
3.039093656748543225e-03
3.124994771174956654e-03
2.988445093468647916e-03
2.631315167159841047e-03
2.242350028846270583e-03
2.692287691846931112e-03
3.043050575754784829e-03
3.163089109607775118e-03
3.186614791699431213e-03
3.136110116383399125e-03
2.777613254417890792e-03
2.295372743529911202e-03
2.780922677586747469e-03
3.137620940003964243e-03
3.340574913033203530e-03
3.327660968276469067e-03
3.203773431390134156e-03
2.740418215759217891e-03
2.168715363339207124e-03
2.676603903785827049e-03
3.111649162526631662e-03
3.225536485924464063e-03
3.230356732713886292e-03
3.054453696890954608e-03
2.636674993813750353e-03
2.138930554819495726e-03
2.640236220919368101e-03
3.079849922512833873e-03
3.221759426873051484e-03
3.209816725872394628e-03
3.083770869528109672e-03
2.605595193619269102e-03
2.080691901445809455e-03
2.610667244345451967e-03
3.031431622672820219e-03
3.163952437390955309e-03
3.169420180017762032e-03
3.048985954264147886e-03
2.529010824853007017e-03
1.967308185921498760e-03
2.542860041374853716e-03
2.971214509796012929e-03
3.164851737165101306e-03
3.163197025580672533e-03
3.017330602214213318e-03
2.517787563671667131e-03
1.951732313833292329e-03
2.547464456218480680e-03
2.985747194146210360e-03
3.190391850750843791e-03
3.241867769822953053e-03
3.209169230035009267e-03
3.082116157943681333e-03
2.508434846020549981e-03
1.937199629483095115e-03
2.621962449508724331e-03
3.073410936129949110e-03
3.218665835649990072e-03
3.261868196799957639e-03
3.101145341164608313e-03
2.526960421367954821e-03
1.981229346425276636e-03
2.731569105981622447e-03
3.192370310253964810e-03
3.365107810871902604e-03
3.435217221264314554e-03
3.305861941751172921e-03
2.624156740957639747e-03
2.086375476018411442e-03
3.001179178270553354e-03
3.471728792094636723e-03
3.732741558542733255e-03
3.805333036311787497e-03
3.656876629595788141e-03
2.858334402145223940e-03
2.396274178189077529e-03
3.605580570478507472e-03
4.220917447940075902e-03
4.599055016972930336e-03
4.896147690359758074e-03
4.883341661575921026e-03
3.797167394362543219e-03
3.615760643921839008e-03
5.907176468445508172e-03
7.559657789434021634e-03
9.345595196905781554e-03
1.181884943576174546e-02
1.468657252754905322e-02
1.243454603313297324e-02
1.521327441927080443e-02
6.336930247315238074e-02
1.402770954101882281e-02
8.514858037540795274e-03
6.344200186689434237e-03
5.067482283330029466e-03
3.695942211784684212e-03
1.488017378292717579e-03
3.859003246832813042e-03
3.948141840446151539e-03
3.908212930474074844e-03
3.780548334536327354e-03
3.631156656055216196e-03
3.028553863395553204e-03
1.106750246045835710e-03
3.390144316584123817e-03
3.610364845276963896e-03
3.756986680453705887e-03
3.733209194425289156e-03
3.699287606944507128e-03
3.069741793051434381e-03
1.239522864700731437e-03
3.822995283876012580e-03
4.120411705181533865e-03
4.382395715385708004e-03
4.457037596639815309e-03
4.170304856651146398e-03
2.865492828347424806e-03
1.304596196357926327e-03
2.780742817631918443e-03
2.216989775215357124e-03
1.612120747124847105e-03
9.544448362964916234e-04
5.312343625834465601e-04
2.711208959094959701e-04
1.221968533109404149e-04
1.887810085887003963e-04
1.569098245929708888e-04
1.435642159446462213e-04
1.244630887417880107e-04
9.629701981553944411e-05
7.169217799490851641e-05
8.043337179960634135e-05
