1.439892063556874059e-06
1.730536943052613668e-04
7.923139403060917808e-04
2.057008470263075456e-02
7.370647485340576024e-04
4.313484654797328233e-02
2.467218786956436316e-01
4.196355834947258501e-01
4.999145789955761754e-01
3.966697317156792080e-01
2.786878024826203726e-01
5.182411518751782464e-02
1.769636412098465061e-01
8.949291814488645469e-02
5.976213347523550573e-02
6.644328597947508908e-02
6.203705627698398450e-02
7.776014431766818669e-02
2.562538574977188052e-02
8.213768283755951138e-02
8.531621790319346421e-02
4.695008055237780836e-02
8.405007281530578467e-02
5.151683155528765518e-02
6.121503789670007523e-02
6.525478840434810468e-02
5.628458082440290083e-02
5.956465494518545928e-02
2.601415660693223372e-02
4.483429248832020153e-02
1.471079059066802280e-02
3.126090996919073106e-02
2.251313904839722518e-02
2.508462628590274121e-02
2.415514929420893228e-02
2.110487128090291625e-02
2.386237124128570350e-02
1.214570287344498081e-02
2.347525359353165239e-02
1.431684678794599951e-02
2.242610557255556719e-02
1.851365218919310413e-02
1.875470078649965969e-02
1.996767652670710866e-02
1.461362454104577803e-02
2.111351063328425690e-02
1.490298951648502158e-02
2.163832462578289470e-02
1.616844132300876424e-02
2.049894336882390755e-02
2.014675643594503185e-02
2.195915390927764138e-02
2.533191441548471312e-02
2.422805049609346242e-02
2.812125198927281633e-02
2.305021878810393707e-02
3.131770571169770201e-02
2.318012904983818290e-02
3.652920838306690510e-02
3.266336483909513394e-02
4.426030884831787943e-02
4.737618194451927167e-02
4.940370995801440790e-02
5.656120008861288684e-02
3.950925166127275401e-02
6.217187283760145650e-02
3.250982968165141984e-02
5.730530430945766224e-02
5.003550259790175148e-02
4.708031079012617998e-02
3.866259512790131553e-02
2.504830900829969551e-02
2.811751893577470185e-02
1.180428846637494172e-02
1.871566371277656390e-02
1.359172781060589627e-02
1.439390767801413708e-02
1.300681165678768160e-02
1.294884266889559550e-02
1.280501345054696830e-02
8.625060119377052012e-03
1.270699413155372548e-02
1.201765913845979396e-02
1.293460373626708661e-02
1.335078587197071134e-02
1.163640771763134810e-02
1.444398392422450300e-02
9.105557433919548097e-03
1.376568810361784162e-02
1.194102488307715801e-02
1.263947919257361538e-02
1.343573950372056736e-02
9.969492672053673066e-03
1.380115211184988928e-02
9.877446238657407868e-03
1.358954130784271672e-02
1.116924273701067408e-02
1.295737536260556204e-02
1.145775444307891959e-02
1.253799346676069855e-02
1.040716653003927530e-02
1.253708686805401519e-02
1.089294344881481386e-02
1.241768248545017071e-02
1.202725841888350675e-02
1.226452063335626945e-02
1.263985249792342648e-02
1.164328720193500734e-02
1.338608989219569959e-02
1.238995123089277686e-02
1.361188629949569226e-02
1.377390082131368411e-02
1.407014528105658864e-02
1.478545166063023088e-02
1.369214694970506511e-02
1.539863236236270992e-02
1.431876664403074206e-02
1.565727964044607429e-02
1.577332427490162059e-02
1.589678168701770186e-02
1.714159504063046333e-02
1.521784591438279065e-02
1.774928282078715169e-02
1.586713057637556892e-02
1.697179443580212541e-02
1.718964477208471259e-02
1.624320905164234816e-02
1.835553070888027924e-02
1.565455984432602421e-02
1.827303022657204151e-02
1.680562022580052786e-02
1.732456799137356215e-02
1.926762233714003278e-02
1.634896112431024826e-02
1.970886926061668140e-02
1.706853385073887203e-02
1.925157020709815717e-02
1.942638376948109535e-02
1.745079852894537709e-02
2.117979899754356132e-02
1.752423302418678122e-02
2.127083217356176559e-02
1.986917724369268237e-02
2.040145734318753873e-02
2.241175998125568419e-02
1.839216796249745073e-02
2.396982985269559968e-02
2.000975337256438030e-02
2.313575904254635413e-02
2.272224337362709762e-02
2.169154730279880886e-02
2.519544464546093210e-02
2.044326754236637511e-02
2.655992902835597677e-02
2.362452240412038149e-02
2.569748701162109794e-02
2.681841631843227824e-02
2.524205448485162401e-02
2.927305898144693871e-02
2.446035308234730324e-02
3.146649455826524416e-02
2.929481735040735321e-02
3.083982153460388190e-02
3.327921200761197601e-02
3.106529796588974879e-02
3.667133106267353448e-02
3.097047840703774299e-02
4.015965623931496559e-02
3.747356425941746061e-02
4.000548112984299992e-02
4.065321924110085194e-02
3.887916556012740305e-02
4.152675375965868276e-02
3.889900407300307672e-02
4.267269452490721204e-02
4.246684328915426021e-02
4.853940141453047530e-02
3.959399197567986528e-02
5.172118956964135567e-02
3.722408962707230567e-02
5.355838518406855209e-02
3.955335502188615099e-02
5.349913629211997673e-02
4.794520595630266668e-02
4.524818146258927087e-02
4.846730015268125441e-02
4.072169410812333246e-02
4.751062519978693083e-02
4.086477671577233572e-02
4.756923413970726155e-02
4.683414257659363616e-02
4.137023215941648679e-02
4.687973915860627061e-02
3.921220726149454716e-02
4.590823865039088403e-02
3.995567153031107793e-02
4.473696645069089040e-02
4.617205887403590808e-02
3.948834656168333929e-02
4.709353646537662447e-02
3.954252916674162732e-02
4.664023711203463957e-02
4.203839540624255966e-02
4.764986809526644551e-02
4.554015957547719734e-02
4.234237261966012494e-02
4.540187660804004960e-02
4.361411728779496927e-02
4.710174918307246522e-02
4.181190571757863877e-02
4.352329742911951321e-02
3.594594543865499425e-02
3.580696918985391136e-02
3.227875367011837776e-02
3.062559759314803162e-02
3.025202559665855079e-02
2.501268501206058495e-02
2.720206755936665360e-02
2.156627669326936086e-02
2.142250080425642245e-02
1.980224892740512985e-02
1.784580891838115010e-02
1.933444399475620773e-02
1.491738843712059163e-02
1.800558360810027361e-02
1.531943829886708332e-02
1.368846722554264289e-02
1.372889086199360897e-02
1.046892190076515773e-02
1.190609416820198087e-02
9.382390015472280576e-03
1.027922945372546255e-02
1.072895574157639413e-02
6.650701453562139417e-03
1.085091993229322926e-02
6.543936123516181855e-03
1.114337800920233747e-02
5.763941259753854567e-03
9.926562556825403380e-03
6.017415592275552304e-03
8.284818957692129809e-03
5.245100152852194379e-03
8.603888373109196824e-03
4.445000129535758154e-03
7.330383836896671966e-03
3.552907002158742916e-03
9.611652829591945529e-03
2.067525015260609361e-03
6.508472115284133323e-03
1.350618755616347965e-03
5.527318997309341696e-03
7.905540722284111390e-04
5.232941064315491803e-03
6.302994184880998229e-04
5.632324459277618725e-03
