3.227600244078663444e-02
3.675369325238473511e-02
1.318045927829665509e-02
3.900579324380980262e-02
5.501050361952372625e-02
6.129708839545505716e-02
4.678185819931632988e-02
4.808682958038797139e-02
5.455997187297582929e-02
6.550801127058955564e-02
6.591427828855972448e-02
6.191673251317512949e-02
6.101722107928611583e-02
4.816877830650664882e-02
5.679357131865592212e-02
6.060251085923101105e-02
2.637799120786803175e-02
6.796082355863709845e-02
2.424688975220456316e-02
6.071059626239207196e-02
6.951834601383810597e-02
6.619774638208841822e-02
6.317414880015063960e-02
5.753440021924240144e-02
5.380064242664436835e-02
3.834225689172161139e-02
3.565433867502904725e-02
5.121075226945285414e-02
2.990607011438184068e-02
3.141460958101646717e-02
4.315519249198702251e-02
3.159899421478348791e-02
3.718411031161260316e-02
3.324684651581985562e-02
3.488178568425571308e-02
3.364634655564840288e-02
3.205691376315572549e-02
3.735167062357798440e-02
3.262198747916495584e-02
3.963785383518422106e-02
2.902996373333126962e-02
2.673130196570241632e-02
4.240865201351953773e-02
2.978947942676754557e-02
3.480126485260728181e-02
3.885592640680186199e-02
4.457271920673529925e-02
4.200418538422925896e-02
4.053115703224606514e-02
4.812091280056914749e-02
4.110715724507112145e-02
3.615137011541247336e-02
4.998835043818260909e-02
4.006603592915430195e-02
4.719209848885588116e-02
3.871052950030948181e-02
4.854710825875453717e-02
3.804103324086721000e-02
4.500791660832009072e-02
5.009780165344565606e-02
4.666737831222327049e-02
5.380505027479166175e-02
4.480534184064945136e-02
4.732402352143329910e-02
4.414894496091251175e-02
3.773192512924228997e-02
4.855021237716811849e-02
5.051629889796534906e-02
5.172069684243679744e-02
5.036841869674209965e-02
4.972623867933938929e-02
4.568958101194361965e-02
3.783808597898694059e-02
4.545180554146291407e-02
4.709115255804606492e-02
4.649696221131738999e-02
4.579847348589222156e-02
4.425870658801692170e-02
4.400466553704902861e-02
4.357238600677301038e-02
4.522098329622864510e-02
4.067090444322571385e-02
4.510296471414409342e-02
4.053078453803642817e-02
3.897500038914702980e-02
3.898176736728864444e-02
4.528331399397345081e-02
4.052954289067099702e-02
3.963201809256668151e-02
4.243913445634095449e-02
3.841091999103014160e-02
3.850783056790230141e-02
3.991076792610672580e-02
3.904819550133938749e-02
3.906446108182658195e-02
3.957229485428928606e-02
3.349498974180194211e-02
3.973215695258897062e-02
3.436041795550977274e-02
3.462687548013201194e-02
3.169714643902108581e-02
3.247572141951677455e-02
3.151779047708407056e-02
3.167132017382004450e-02
3.287323482356062365e-02
3.261590340707432728e-02
3.037944817245374213e-02
2.728011010122445915e-02
3.196652183495209132e-02
2.799194653582804532e-02
3.135215471853511349e-02
3.336585841579675638e-02
3.216940701446408674e-02
3.306885636598482642e-02
2.900599993917838890e-02
3.534889342313216748e-02
2.834233942235365664e-02
3.200439207959784177e-02
3.318637828912320009e-02
3.134743645854645711e-02
3.278470536640514660e-02
2.949011824696129089e-02
3.494380597015916273e-02
3.179076665037484234e-02
3.733875749097746721e-02
3.702275823647439151e-02
3.935544114191615039e-02
4.418017239215318859e-02
4.069145370712365373e-02
4.913893947548887697e-02
4.986151615980347757e-02
5.641046102405110341e-02
5.336799040215872009e-02
5.995213596921642601e-02
6.443951163026491458e-02
5.746604753177523423e-02
7.414702114507304431e-02
7.856548537733992754e-02
8.420324732246346755e-02
8.547301800072502898e-02
8.982089458026695783e-02
9.696235356729993038e-02
8.604312038856427869e-02
1.074246605155556866e-01
1.074998422635327494e-01
1.166807070482918374e-01
1.225044677687574662e-01
1.333690684634140089e-01
1.375501918017780767e-01
1.432856713945613036e-01
1.555589831076715224e-01
1.484047351527745806e-01
1.480485065236314124e-01
1.488958687681721793e-01
1.732358820727843418e-01
1.502369100052096951e-01
1.560019408052902845e-01
1.502195269420936174e-01
1.646025837761818378e-01
1.271928040559015261e-01
1.621213377634658503e-01
1.639080062399577986e-01
1.566423825163813788e-01
1.664623232001296027e-01
1.557110228275689623e-01
1.491630091988454254e-01
1.207031478533533986e-01
1.408887953203265542e-01
1.281086431526460012e-01
1.045259726585806154e-01
9.492921808876922385e-02
1.064599005126130871e-01
7.644810412506450326e-02
1.056672949168879772e-01
1.101860842562819714e-01
9.212979993866066142e-02
1.064192365613951113e-01
7.005479975807409054e-02
7.710692221716403116e-02
7.400789455777612158e-02
8.024518593329968419e-02
6.907836826989639800e-02
5.224156791223655977e-02
5.732766593289755769e-02
3.947550844215366034e-02
4.569541675456115920e-02
3.939163516261856568e-02
3.676399892551784204e-02
3.358389169316704920e-02
2.798909074688754606e-02
3.097810844969797403e-02
2.878119968366647449e-02
2.687496056588318735e-02
2.287418650734847000e-02
2.477409322356803958e-02
2.082708249595664057e-02
2.114842083413108129e-02
2.214645698646731942e-02
2.270035587618764519e-02
1.946251204134414464e-02
1.886683171777694956e-02
2.215403103539647159e-02
1.704043052559110066e-02
2.035091073131251732e-02
1.969153389789853742e-02
1.932760705508968641e-02
1.884864158387333441e-02
1.645518003989355701e-02
2.027423900649693786e-02
1.646325074776888372e-02
1.814804205792693026e-02
1.330741772141233112e-02
1.530845661554654062e-02
1.814866288160964583e-02
1.693352468742719344e-02
1.889737624296664031e-02
1.472047450564504395e-02
1.787519004937269951e-02
1.600477245808220109e-02
1.093282921738715670e-02
1.949926480336100498e-02
1.600464829334565658e-02
1.837780890290058311e-02
1.842939935093438134e-02
1.904786390365729651e-02
1.654240576731532894e-02
1.391383829469053195e-02
2.327014785218552498e-02
1.777747240171300563e-02
2.142611526741050598e-02
2.365586560625774701e-02
2.251336378295321072e-02
2.066926911580991427e-02
1.348460080045983146e-02
2.326313254457082133e-02
1.544466533153470572e-02
1.914018038527735138e-02
2.399818778490803509e-02
2.142214199584111314e-02
2.254701242655648627e-02
1.616575203901077923e-02
2.262188376269218260e-02
1.317313355884059192e-02
1.776735297568471719e-02
2.278118711967742904e-02
1.997394659116660809e-02
2.209325239685844960e-02
1.781304559873270535e-02
2.308824651314937346e-02
1.770719516082941425e-02
1.736089971060974027e-02
2.789857465394737432e-02
2.297792614473051845e-02
2.570160380554760080e-02
2.302870952197679302e-02
