6.295791086880075937e-01
9.241334801664453924e-02
7.317924252700611087e-02
1.222688259384056148e-01
1.176792517541243172e-01
1.027451655565671668e-01
7.456574279844413455e-02
7.194557052567786271e-02
7.762791355250950320e-02
8.489442793585101621e-02
7.938486163725563816e-02
7.087434381972695929e-02
6.798011380404900272e-02
6.539533218426751837e-02
6.937820946023824653e-02
5.758944006948865657e-02
4.672379519556887906e-02
4.904512527744812195e-02
5.261705332512660316e-02
5.117829139066292637e-02
5.182625907597903508e-02
5.400283918897331309e-02
5.356188484184613852e-02
5.166430837047258223e-02
5.409417345180050213e-02
4.837720913400548467e-02
4.488386592137084963e-02
4.216241263392916938e-02
4.496085707794177794e-02
4.487881011380159130e-02
4.161517641898743874e-02
3.640505681001020982e-02
3.342740596943955672e-02
3.282329191934371670e-02
3.533591837240313005e-02
3.818536052754908927e-02
3.735291082038527666e-02
3.220664825918494178e-02
2.711748335085911732e-02
2.461546310280911601e-02
2.728690785885925368e-02
3.060109962936594444e-02
3.012887621151153286e-02
2.906550798906501129e-02
2.615704477599101185e-02
1.747792676691370742e-02
1.878902956025370677e-02
1.911413996872882853e-02
1.952041807046252936e-02
1.793965388861891094e-02
1.709352052836004415e-02
1.580863099817802694e-02
1.302837647052871271e-02
1.409009606007221443e-02
1.374278406183645010e-02
1.331419446148190792e-02
1.320032888231347651e-02
1.304019167300034254e-02
1.335612469164866416e-02
1.325913012252111223e-02
1.356566593362223266e-02
1.255994490835123968e-02
1.163088531307057694e-02
1.229902127423361351e-02
1.292671077484261119e-02
1.324445728968425516e-02
1.409471223220066204e-02
1.446851226574491153e-02
1.305557891342850642e-02
1.209211784490487294e-02
1.415736028251534176e-02
1.716902791531826206e-02
1.900131852373230720e-02
1.935753313964436520e-02
1.869176021897565529e-02
1.686469028142116577e-02
1.788893094963605809e-02
2.086801060538932481e-02
2.274333053257213827e-02
2.439800842290106020e-02
2.453478999942144273e-02
2.202216354636202592e-02
2.053712998175364138e-02
2.200523758189104270e-02
2.385275056744295269e-02
2.395672434919328062e-02
2.504564638163657431e-02
2.629805784362913845e-02
2.617534460121451190e-02
2.473531871485851186e-02
2.190489079252735602e-02
2.195764704542392878e-02
2.513027620399149037e-02
2.675363006916307504e-02
2.973727094261468737e-02
2.972402692496044913e-02
3.104765932836338338e-02
3.094973053392412188e-02
3.000951518933303933e-02
3.039727364812283908e-02
3.628954259793875509e-02
4.363161932266858278e-02
4.571378772475003655e-02
4.938650219723301343e-02
4.750596159919064781e-02
3.940688759982512168e-02
4.128182284599723334e-02
5.163106094026172210e-02
5.934473952133177688e-02
6.005942188479002075e-02
6.122637920797616151e-02
5.594613774619056762e-02
4.924076304860623698e-02
4.753624149017607325e-02
5.597663745489639409e-02
6.212131210216434440e-02
6.618711561315689107e-02
6.908925906676932627e-02
7.078141587842684546e-02
6.552310123425139632e-02
6.044772988788081614e-02
8.291804681171320579e-02
9.415133682300598494e-02
9.485772106751902411e-02
8.807414621590155257e-02
7.933787559951963053e-02
6.787058962485852109e-02
6.452386483173226661e-02
7.222770656981430948e-02
6.889384111333160532e-02
7.620316499772147867e-02
7.599862460888706650e-02
7.746068722171339793e-02
7.365338934991405573e-02
7.285775911091764423e-02
6.574583153944911496e-02
5.505329312034619449e-02
7.668379644338127465e-02
9.309252981825780204e-02
8.308868031717554781e-02
8.080763183256003956e-02
7.878223135677250855e-02
7.850811865943073398e-02
5.748101497890018702e-02
6.398734473066015893e-02
8.031469059455770276e-02
8.545320458111387019e-02
9.000727820355018671e-02
8.971805303793076170e-02
9.304010329194183082e-02
7.667538841557589024e-02
6.362953643627518308e-02
7.540110509040327813e-02
8.525916048842865913e-02
9.454898707921388645e-02
9.122693682520280345e-02
8.494559051027465724e-02
7.352474102904855979e-02
6.367443420566737400e-02
5.341026556919860335e-02
4.902990290031025017e-02
5.371097621070904798e-02
5.896967553589520933e-02
6.339081439191819600e-02
6.432696310868184220e-02
6.534268584023114612e-02
6.339955214630418889e-02
4.828697395978030771e-02
4.081833718252880772e-02
6.123132510668521239e-02
6.450985145205662130e-02
6.192974095883368307e-02
7.028770527840309812e-02
7.023406975462491431e-02
6.537494409070018775e-02
6.740177338167034626e-02
5.168387214758839165e-02
3.818233803389356473e-02
6.174311571421205874e-02
5.835440573648895124e-02
6.328090553171701604e-02
5.428755809132449622e-02
4.966896796795007563e-02
4.247702674625507269e-02
3.356286863963752615e-02
4.430288768634735308e-02
3.493095917699184233e-02
3.654579510549783861e-02
3.911634352788327662e-02
3.543643002505712097e-02
3.578170870937915499e-02
3.236008102802579584e-02
3.523634094506084696e-02
2.854179227020634327e-02
2.995714361744717530e-02
3.312378274313377419e-02
3.043442284287084174e-02
3.200117364503880790e-02
2.687409017994357718e-02
2.893674975933932178e-02
2.498442714650451341e-02
2.241827507852711676e-02
2.294330970370820483e-02
2.211695993828555196e-02
2.453220714120671331e-02
2.073859292250242528e-02
2.368052338350768934e-02
1.825421304651471399e-02
1.835890123585634873e-02
1.844281665061995798e-02
2.046239195681683054e-02
2.282686126632504225e-02
1.966121132038025493e-02
2.187658926102555024e-02
1.479136954258591062e-02
1.621716223154585218e-02
1.733515515751235872e-02
2.081602371451416258e-02
2.115404841406292452e-02
1.837121102819888260e-02
2.016662721401542985e-02
1.418890412539308525e-02
1.522946625934785275e-02
1.990114236219945459e-02
2.300584784516268230e-02
2.304755825760903404e-02
1.860564662700802188e-02
1.815507525461323990e-02
1.461436132323189023e-02
1.917486461398998712e-02
2.155994183478592008e-02
2.096198268086134353e-02
2.000275310345545413e-02
1.605801420197452631e-02
1.503613657425396065e-02
1.597838523275876485e-02
2.325665986414179875e-02
2.359913587252870579e-02
2.477680930958446603e-02
2.427930685388377322e-02
1.469360561143694989e-02
1.407795113101998133e-02
2.222730843392754785e-02
2.379449887153632301e-02
2.247158087572469556e-02
2.188664592173395970e-02
1.908078262965776789e-02
9.911251286362750615e-03
1.482725478544159696e-02
2.016426417352110492e-02
2.150795494391075785e-02
2.175156793254669554e-02
2.096313672389345586e-02
1.888954121290769769e-02
1.144832669627639937e-02
