4.163276396335373608e-01
1.290794210297250555e-01
1.242288823398514930e-01
1.499477265354226818e-01
1.103160219057147673e-01
1.779011985307929200e-01
1.727748826566044560e-01
1.161625744825205836e-01
1.394263089579450832e-01
1.075365133036267629e-01
9.591287679773492780e-02
9.872219399614552693e-02
6.731308579169439921e-02
8.734567011819018012e-02
8.359226573475682376e-02
7.697717254658065222e-02
9.276295348484089875e-02
6.688896476128798618e-02
8.752045399854647967e-02
7.802206236223800662e-02
6.455556817964394622e-02
8.191516673440704666e-02
5.880670390251364205e-02
7.951999199577888811e-02
6.824026660865359362e-02
6.126225852708306469e-02
6.915842222160895059e-02
4.649016053711473029e-02
6.354271148242281175e-02
6.066182822972815414e-02
5.332395602794764988e-02
5.348831643325725055e-02
3.201748322364042498e-02
4.766305571096757232e-02
3.740101741193870705e-02
4.645444106774737625e-02
4.300325390289374411e-02
3.351420525946249146e-02
3.484078313247952752e-02
2.283408391862134720e-02
3.048637643171917683e-02
2.365499613632391501e-02
1.928114075651301065e-02
1.947797918468154726e-02
1.526034881502184512e-02
1.675160488222185440e-02
1.331306571452855504e-02
1.432668510504578677e-02
1.400406584079538254e-02
1.259994748267482395e-02
1.424228038027735947e-02
1.194104403261888117e-02
1.449269801249694102e-02
1.228603563355489502e-02
1.407105573530285404e-02
1.492311126259618197e-02
1.277148991652270367e-02
1.571866392820341768e-02
1.298517115498012443e-02
1.654332605461181216e-02
1.439450125062403593e-02
1.643667610870712739e-02
1.922222269938926240e-02
1.765584134252337623e-02
2.273493379012831578e-02
2.182968040543199068e-02
2.345739501485927594e-02
2.179466007158605695e-02
2.598775714022120292e-02
2.797603500537988036e-02
2.725878551817226964e-02
2.924585578561211818e-02
2.971503927826312647e-02
2.712181851374759894e-02
2.659282715512740342e-02
2.845112937107565840e-02
3.287189038859673201e-02
2.871006374510169309e-02
3.624343966178255466e-02
3.222112233369919115e-02
4.042592258204697614e-02
3.021333223171528484e-02
4.302835922389038059e-02
3.870185438621236151e-02
4.016050531500409138e-02
4.236818461834093719e-02
4.175224622396531138e-02
4.379683627748605368e-02
3.908993815837804447e-02
4.119840377544718019e-02
4.521709831037407090e-02
4.853017443085887866e-02
4.494507103476498566e-02
4.935598059721141989e-02
5.293905014451572022e-02
5.057444669550625188e-02
5.430458893340854576e-02
5.244876547067261335e-02
6.156619180557902637e-02
4.910619854273858692e-02
5.985839440006121559e-02
5.431018201757994990e-02
5.780204615822558817e-02
5.351583694969153787e-02
5.761645745617453157e-02
6.223017987760896125e-02
4.871131408868269175e-02
6.285635107370726726e-02
5.359280541482298876e-02
6.649312694061196294e-02
5.304652634149117918e-02
7.271403481025363880e-02
7.105346083131937329e-02
7.360708510221235235e-02
7.795710631652014166e-02
7.816563937522887084e-02
7.603492853702348286e-02
6.656018039289410271e-02
7.645498186985068279e-02
6.309698080862689851e-02
7.008776400290711583e-02
6.421235619639883985e-02
6.628141599316945964e-02
6.023116074853020196e-02
6.061225316548163322e-02
5.577309131727489766e-02
6.663988184233658740e-02
5.664504042804150569e-02
7.204191134306529853e-02
6.040575395556249672e-02
7.001060486445162545e-02
6.464868031954285055e-02
6.669962615053109944e-02
7.216184486387706987e-02
7.653379351044771461e-02
7.462763229016916577e-02
7.754563328327404581e-02
7.436787166507236035e-02
7.974574921142456307e-02
7.112903102540797662e-02
9.158929561769196814e-02
7.051849504187972240e-02
8.803253898910312625e-02
8.235021970205756714e-02
8.558473841304405083e-02
8.911429231407197449e-02
7.920277514237586414e-02
1.082318989163461725e-01
6.968118491831098993e-02
1.077998967218800341e-01
6.535779441159206282e-02
9.837955403287249045e-02
6.480890946949859066e-02
8.979772906515248732e-02
8.368436095026093868e-02
6.928299545997199105e-02
7.825385756647780522e-02
5.491989175003741952e-02
9.396209801963451014e-02
5.088835854462617214e-02
7.137951221540222990e-02
6.625853519428645533e-02
5.194303625758346643e-02
6.417460287824186538e-02
5.344376243321006387e-02
6.464982435948700423e-02
4.598627449949117124e-02
7.862897555260976723e-02
6.343110403009348530e-02
4.424866849765077964e-02
8.274847271817124816e-02
6.220291359227338168e-02
6.417631893815810284e-02
7.344717374113000907e-02
5.036559584792412586e-02
6.496818525283418189e-02
6.516464233435466380e-02
3.917650384748541659e-02
6.045863402409211440e-02
4.805787660724879923e-02
6.434201405673588281e-02
4.571367520391000222e-02
5.438251076516011778e-02
4.300452505838724127e-02
3.660559186188082348e-02
4.332466556942532465e-02
3.666978521430259985e-02
4.100442544713901738e-02
3.955664289781671283e-02
3.880297480572032082e-02
4.092027495346928917e-02
2.721105362939132619e-02
4.007749886127851685e-02
3.632415803561983569e-02
3.969875808199006123e-02
3.861128455730045844e-02
3.622348252053460282e-02
4.050066652506480180e-02
3.366865065192278794e-02
4.137674689118528426e-02
4.288090518664432887e-02
3.444405550295804447e-02
3.969583442435501569e-02
3.162615800496632046e-02
3.640589333385191306e-02
3.084522362753434194e-02
3.048968143600227707e-02
2.889679648709690338e-02
2.250587157019954057e-02
2.749801698204904984e-02
2.712906410006055147e-02
2.755045214615593763e-02
2.530514664021147817e-02
2.416860651347275610e-02
2.550306555054949673e-02
2.403977490420649080e-02
2.617360007337096381e-02
2.643882666708982643e-02
2.283510084301614701e-02
2.349908891504608882e-02
2.280827946210329041e-02
2.744888682222525883e-02
2.535103535352684415e-02
2.264074116805993298e-02
2.445309111291815371e-02
1.959174760134983762e-02
2.401619496980205923e-02
2.216818911335115272e-02
2.651973571425112960e-02
2.400933073013715793e-02
2.032634836104372372e-02
2.635168895801037053e-02
1.640082952379041600e-02
2.412125597133986735e-02
2.065881908036875866e-02
2.342866690070616667e-02
2.256110327639213042e-02
1.601198305832863752e-02
2.226657654854808516e-02
1.211290425534013691e-02
2.265860090274361693e-02
1.908595483048601896e-02
2.355355792794258316e-02
2.543563075161929879e-02
1.990426117942691031e-02
2.658856878422417164e-02
1.916838926423952358e-02
2.608144130009218409e-02
2.127151602823595944e-02
2.644054272700605002e-02
2.941161446196457335e-02
1.888555716693567782e-02
2.708336606006921457e-02
1.814688870966258902e-02
2.649513885545189476e-02
