3.824789763813046112e-03
1.095358776656149818e-03
1.456049403407124387e-03
2.036243879681303576e-03
2.849661196073888323e-03
3.859357299171031590e-03
5.384757820390113046e-03
7.086776842578899373e-03
8.432210132840472008e-03
9.060259040875862785e-03
9.800436391728716348e-03
1.027260732000919233e-02
1.042049155721257170e-02
1.126685605574323512e-02
1.170067862448594814e-02
1.159589578293205615e-02
1.074456220119368068e-02
1.037911853833098363e-02
1.130606860366495034e-02
1.408335402258305800e-02
1.278847575278253823e-02
9.318975438320780888e-03
1.223777170511063973e-02
1.273478804942966731e-02
1.432143792236117812e-02
1.302180661644893565e-02
1.117935698186833630e-02
1.017268553811501684e-02
8.483197247493501000e-03
8.086210708616640985e-03
8.323430420010812306e-03
8.206008823341657751e-03
7.838620736615073761e-03
7.615768157104064323e-03
9.989585624265689967e-03
1.250048497383132555e-02
1.204775828418971559e-02
1.230226176326288008e-02
1.979045411018638331e-02
1.060866857781760271e-02
1.369770995624553823e-02
1.915819228377923719e-02
2.683412955711579270e-02
4.122167789084911493e-02
2.836611951476248825e-02
2.327864249845104996e-02
2.254764714917766033e-02
2.103304898275795004e-02
2.302424704292587929e-02
2.712762953701468652e-02
3.198858117318333083e-02
3.342767087955544891e-02
2.974406789297016906e-02
2.947573739975380830e-02
2.691525524165906333e-02
2.525568947383180149e-02
2.961940871858543406e-02
3.113670747370498801e-02
3.249877639035759352e-02
3.546132219408490438e-02
4.032357011282947101e-02
3.370810001014709623e-02
4.235959794541478696e-02
3.447895604863016050e-02
3.365905731935795592e-02
4.004951437156944322e-02
4.083225300033181682e-02
4.305375726482232185e-02
5.018482376207864665e-02
4.501805746153982046e-02
4.731453006833795383e-02
5.257776139723514819e-02
6.101882946101110788e-02
6.085517378580065223e-02
6.066472827068775109e-02
5.709141732660404089e-02
5.587247961104309379e-02
5.429101486841528962e-02
5.673461554758083697e-02
5.929866248275937612e-02
6.415064816444454587e-02
6.494872613702203090e-02
6.721549226812190136e-02
6.707668200894997823e-02
6.105933829150875236e-02
5.907570187970036940e-02
6.067477446065116381e-02
6.093532725841197678e-02
6.078495847960474485e-02
5.949386103398399822e-02
6.096697815797413877e-02
6.133382612696074848e-02
6.570002991331823361e-02
6.824582086888583699e-02
7.108316738048844896e-02
7.295240685497147992e-02
7.124250211377915198e-02
6.918929853706283495e-02
7.247062183091956822e-02
6.959103811205143153e-02
6.802696516065058485e-02
7.215551714142193207e-02
7.440003042163509384e-02
7.434277794119843741e-02
7.557467848251862852e-02
7.427169844661858644e-02
7.513307821832036770e-02
6.949856995496880852e-02
7.443848680472085755e-02
8.262332301265574996e-02
9.163475540983845313e-02
8.799954697275436111e-02
8.785209482974294659e-02
8.935481040588334756e-02
8.965770843445769467e-02
9.116679739992973597e-02
9.130420335297771695e-02
1.060076125410446407e-01
1.108628389291696215e-01
1.101588494668946511e-01
1.086914575909481984e-01
1.121064060136731239e-01
1.225986252067535337e-01
1.192811140243188878e-01
1.290044216027801116e-01
1.326880245893653776e-01
1.247735713220587406e-01
1.267918832927730777e-01
1.319141438915384934e-01
1.400762951543947088e-01
1.390574170497181072e-01
1.366783064287047933e-01
1.489695497900723198e-01
1.430411094526298776e-01
1.331818002272446011e-01
1.284285480684256853e-01
1.301288387138465619e-01
1.305943121821514508e-01
1.344722495315773814e-01
1.311397230759716592e-01
1.275421068335893526e-01
1.219016572750981492e-01
1.155937302135538469e-01
1.223439056805843694e-01
1.288040379212517794e-01
1.412187521979761107e-01
1.419914446367750716e-01
1.170585295243484480e-01
1.258395476936605972e-01
1.275761342512073682e-01
1.390266303385399027e-01
1.507343304936454298e-01
1.565240685954639444e-01
1.593146409107852879e-01
1.209987964609667843e-01
1.014977374358555229e-01
8.925791328333300412e-02
8.071368273122306314e-02
7.242795252946204743e-02
7.165688044388300593e-02
6.476713855284460530e-02
5.650376922551830078e-02
5.035809353306054670e-02
4.770579135917114855e-02
5.435399259689561308e-02
5.597078103971736551e-02
7.060116630934053228e-02
6.966676261919500790e-02
4.302610323653593971e-02
5.693986028876887873e-02
5.849140250860244278e-02
5.574490380086254138e-02
5.372918439530003504e-02
4.373581794685456325e-02
3.644066368019581448e-02
3.313492706449250313e-02
3.112579709535762129e-02
2.921161982490920808e-02
2.969167647219321873e-02
2.537505549436484473e-02
2.173109714989325536e-02
1.772839260253458379e-02
1.684065508512233231e-02
1.567648530839418908e-02
1.437707004957793772e-02
1.502359098432025017e-02
1.433731738391625342e-02
1.317401179557206592e-02
1.445765561638123926e-02
1.530510035039184084e-02
1.669503934242681786e-02
1.555020578078955204e-02
8.749259246201991636e-03
4.392561532067950150e-03
3.240274345619118847e-03
3.054365819521955797e-03
2.776745301178139020e-03
2.523646128228892397e-03
2.315700798341013920e-03
2.170301102741489709e-03
2.101922196861475464e-03
2.066706520215528392e-03
2.008049733654947155e-03
1.952957724178158803e-03
1.794595202819389930e-03
1.676309417766284849e-03
1.531017745714754455e-03
1.461018486614834707e-03
1.415540572909485765e-03
1.389722944938990689e-03
1.361420775364640453e-03
1.335279076750164363e-03
1.277486478573533002e-03
1.213104443969286036e-03
1.103352519207683726e-03
1.117071509802884015e-03
1.157796387396510052e-03
1.127873864602254314e-03
1.092982258600288040e-03
9.767489209590637239e-04
8.974596367316855800e-04
7.847910761742531724e-04
7.477389992124130764e-04
6.875698829799203708e-04
6.525702534299606056e-04
7.245139363937668680e-04
7.178164764181573388e-04
6.573232895416835113e-04
6.017991858729201124e-04
5.327721387049438396e-04
5.266147964693027386e-04
5.117075468461716693e-04
5.603181434433381243e-04
5.367690099807109023e-04
5.007971684988077711e-04
4.397638638823654069e-04
3.875884902014067727e-04
3.449191887438941124e-04
3.297958920247756826e-04
3.497802484036107253e-04
3.357371871644293146e-04
3.146725953056571986e-04
2.595805858288685749e-04
2.161551195353999361e-04
1.985472812124263191e-04
1.704611587340635248e-04
1.828838667533393798e-04
1.799672309575094174e-04
1.613871807025924615e-04
1.228227740688404358e-04
1.125605370094386596e-04
1.002458525381565120e-04
7.388810682769292651e-05
8.004544906333401389e-05
8.252999066718918759e-05
