9.405525957421964067e-01
3.351130464361600642e-02
3.327335006734700312e-02
3.340306309804141893e-02
3.264991918175051688e-02
3.300786146898319201e-02
3.379220219012463861e-02
2.995234283357997226e-02
3.269122021489274943e-02
2.901959625940450649e-02
3.160008986224524530e-02
2.851463745052793333e-02
3.086008144273353140e-02
2.995373216497007607e-02
2.859799733393427607e-02
2.989967454360960286e-02
2.837785146002935743e-02
2.991091549758409518e-02
2.856553750054726185e-02
3.023336668294224552e-02
3.083267372349235425e-02
2.891388077090283754e-02
3.093409491497006725e-02
2.911381818822440098e-02
3.116207156580103402e-02
2.959465315205459315e-02
3.133232781251579779e-02
3.147012422584354735e-02
3.023033541445474190e-02
3.197217806908626142e-02
3.040223359826690550e-02
3.224600265579071617e-02
3.033857696002933632e-02
3.201726818783787176e-02
3.186456803777990010e-02
3.130302555046993868e-02
3.210315412831712956e-02
3.156156749188322730e-02
3.264802463894582452e-02
3.214786533850780281e-02
3.305232007346656925e-02
3.372665100908238400e-02
3.288863157514139435e-02
3.439037250499193954e-02
3.343678595996488895e-02
3.478570043690380753e-02
3.400754855559100925e-02
3.505876720648638811e-02
3.569874376591049975e-02
3.426432225705326046e-02
3.631421757172729331e-02
3.393113532913519942e-02
3.673404825724648631e-02
3.377944560190639794e-02
3.687234988198882096e-02
3.463034792691926933e-02
3.591156407430395187e-02
3.417641547091566923e-02
3.587998836089246329e-02
3.366552042791773336e-02
3.593720355359408120e-02
3.325996196486053630e-02
3.659347318113852915e-02
3.249772424310713032e-02
3.635741314767421822e-02
3.265345566165260560e-02
3.630979697184968241e-02
3.312885960277602709e-02
3.652451182304782690e-02
3.407537318799889331e-02
3.570518521144644408e-02
3.378992873875901609e-02
3.595930655298212875e-02
3.381064240675694943e-02
3.581127960850905706e-02
3.386015312538616373e-02
3.576467385551369144e-02
3.287827474114242421e-02
3.469766734791256829e-02
3.211224793377964043e-02
3.379119176729546842e-02
3.146696665450239572e-02
3.275992896727615566e-02
3.092310656670286748e-02
3.066481723099686793e-02
2.955840423305820461e-02
2.916408672397549293e-02
2.816073685461193896e-02
2.753275906628419381e-02
2.677330000731099890e-02
2.616047856142077188e-02
2.633250304808657655e-02
2.463638202647489700e-02
2.542855352454239520e-02
2.392466544617987551e-02
2.446764141400388504e-02
2.322532654554216106e-02
2.367029149893689829e-02
2.262071478513891926e-02
2.208165420577793206e-02
2.166750714867280922e-02
2.108045148492635953e-02
2.068524985586813261e-02
1.974315687052286689e-02
1.937877313775425436e-02
1.922165238781867180e-02
1.754826587986326597e-02
1.804716215176483188e-02
1.644741020748502480e-02
1.727469389886610376e-02
1.575021845535928833e-02
1.636303990124951882e-02
1.574099834704313292e-02
1.497926583670431029e-02
1.535678506625210576e-02
1.440698760683443817e-02
1.480092620735620756e-02
1.389647147239744286e-02
1.432552226623279128e-02
1.409198828984139888e-02
1.326975671260615698e-02
1.401064925209339479e-02
1.314345385896019056e-02
1.395570751075740114e-02
1.306931408387001017e-02
1.384721335947551417e-02
1.356139000167469293e-02
1.329463837477441214e-02
1.336359973286511092e-02
1.316050474420239758e-02
1.310025828301327258e-02
1.296284077824646011e-02
1.289198487735107243e-02
1.317919756654200095e-02
1.219365639954252643e-02
1.298507008048815047e-02
1.186893176281874664e-02
1.250701377943816764e-02
1.161582084411222869e-02
1.197123707427197835e-02
1.165497472874247806e-02
1.126570933380561038e-02
1.125118450563632362e-02
1.101878725492774595e-02
1.073397431995609143e-02
1.077211778175717408e-02
1.031780641719263342e-02
1.076302397629466494e-02
9.970473569666226180e-03
1.068168493854666258e-02
9.748054244395679829e-03
1.052090140585534676e-02
9.410320413746365090e-03
1.021385916864200188e-02
9.346284866947860565e-03
9.586512894582488106e-03
8.857745429045263061e-03
9.144958118236189842e-03
8.846125566509833657e-03
9.065639926146522656e-03
8.806466470465000931e-03
8.927338301404189741e-03
8.441956434842742135e-03
8.698856439158636142e-03
8.084393056171011033e-03
8.549187557588168104e-03
7.919188923602087787e-03
8.441324920574510768e-03
7.798317092662898110e-03
7.909968815285932375e-03
7.568193293319946426e-03
7.433554451333346767e-03
7.436838325528141204e-03
7.252688764912322908e-03
7.283759266909230722e-03
6.848140724684292566e-03
7.046562507762105937e-03
6.586820120490788529e-03
6.869359604096815335e-03
6.577852617881924796e-03
6.921901591213537597e-03
6.742551539036264682e-03
6.968886252769836837e-03
6.906113734507790709e-03
6.869738512657753288e-03
7.008797954521962109e-03
7.059066490273056653e-03
7.057677158882951114e-03
6.962571110087538775e-03
6.974569881183904398e-03
7.057929764590242794e-03
6.693293426114338592e-03
7.069170718564734245e-03
6.819848885467596697e-03
6.915207539970300715e-03
6.658939049922634607e-03
6.776653309520675253e-03
6.640877741851261735e-03
6.587956846173602388e-03
6.644666827460641266e-03
6.528847110667290385e-03
6.570274446663167470e-03
6.317921345078526298e-03
6.314132259469146767e-03
6.248707381280536703e-03
6.025909147449052400e-03
5.939265389847919567e-03
5.817383136079561437e-03
6.014794496328207223e-03
5.566798274445964624e-03
5.892785939706203686e-03
5.580312679786082926e-03
5.570082148640760795e-03
5.395405302048388724e-03
5.340716166419685017e-03
5.244725997648750498e-03
5.063986614081372913e-03
5.157198120072095486e-03
4.978100673602115986e-03
4.809233758277458616e-03
4.636704060197068857e-03
4.619274266393925618e-03
4.619400569247571892e-03
4.401907055269218064e-03
4.521136949111009655e-03
4.411127163585372608e-03
4.283687584256593191e-03
4.230008871457057937e-03
4.171025438804391340e-03
4.037397019646958400e-03
4.017188563063604084e-03
4.006452820503697727e-03
3.973361472848453875e-03
3.806641706035778384e-03
3.837964813739977877e-03
3.769887575624802142e-03
3.813714665839952351e-03
3.559845930011560234e-03
3.814977694376412050e-03
3.646994899027276860e-03
3.820661322790480478e-03
3.481790766458353181e-03
3.920061668609855707e-03
3.447310087413004223e-03
3.748542393358633533e-03
3.331111462058715389e-03
3.699157977583061169e-03
3.125490416323081777e-03
3.574497061034492395e-03
3.050340218403732075e-03
3.444278818925501466e-03
2.909386233734833922e-03
3.243204675921122857e-03
2.822616173280054815e-03
2.901555456808784048e-03
