8.473690909662816573e-01
4.913096414630231668e-02
5.278180273336371964e-02
5.416657204565290817e-02
5.522087673204317815e-02
5.382184275964325276e-02
5.164245872708247975e-02
4.813188929777672403e-02
4.473123090342683711e-02
4.296515625356198825e-02
4.175284302440655099e-02
4.142804768650037300e-02
4.163214205423871467e-02
4.278300751676325508e-02
4.371514819092305049e-02
4.429542724901781164e-02
4.525115947643768011e-02
4.583985102639263898e-02
4.616080587888438114e-02
4.588593685136581335e-02
4.642653089351145290e-02
4.753240781260979764e-02
4.859183314621931538e-02
4.976482711994129754e-02
5.033760808746502724e-02
5.042173300606685171e-02
4.940437013175825315e-02
4.844827214382271818e-02
4.763628379905727322e-02
4.861542469947938844e-02
4.921582058593546721e-02
4.824271473402173827e-02
4.690951765444063143e-02
4.447757598581655175e-02
4.263962939462448420e-02
4.165335616414699710e-02
4.211915218084014839e-02
4.243224318224520647e-02
4.153192367294784165e-02
4.049700429388755629e-02
3.873678181227326739e-02
3.790613968120915694e-02
3.782256340338081835e-02
3.810346747940778628e-02
3.819381032677583027e-02
3.805482133082498802e-02
3.775142298308492572e-02
3.725033107663057452e-02
3.752026233718773474e-02
3.804439715612867312e-02
3.891435854262625255e-02
3.937174206745922000e-02
3.958443180731557876e-02
4.000487352006687480e-02
4.007016177211220748e-02
4.082911484210693942e-02
4.219779069170707247e-02
4.290078240280580796e-02
4.331939531297880619e-02
4.352751304638940999e-02
4.460668944784457191e-02
4.421898330124485188e-02
4.535466970236949613e-02
4.653058976021675480e-02
4.797662395887900694e-02
4.848704275848269435e-02
4.829227528389368196e-02
4.941406278542324892e-02
4.987931016134290740e-02
5.199907522985108832e-02
5.412780143099293201e-02
5.543630967576698709e-02
5.620751572303632482e-02
5.531012229786424345e-02
5.599098549776554412e-02
5.589332744008429499e-02
5.864915004532540027e-02
6.003465087864590100e-02
6.060450576204435419e-02
6.012609100756093755e-02
5.878612735844011838e-02
5.919267017159632327e-02
5.894852502739320738e-02
6.002258078162912153e-02
6.099495511251153135e-02
6.224914792071004760e-02
6.226999627010267740e-02
6.199823620696721937e-02
5.961036868048017606e-02
5.805862969279215052e-02
5.592075947875880387e-02
5.700158180253443035e-02
5.684723086492586563e-02
5.573989090376487571e-02
5.485749365973485725e-02
5.212379956569118677e-02
4.940912501846183441e-02
4.601303863055769550e-02
4.683654843156644099e-02
4.648614985756405193e-02
4.548634348800713323e-02
4.503115452626813009e-02
4.308969770914426040e-02
4.056375558799552722e-02
3.782567236776393504e-02
3.806798870938875312e-02
3.739736680392593410e-02
3.645370467352285204e-02
3.579844470971776244e-02
3.447128267864504880e-02
3.281438754270474267e-02
3.124893253567946269e-02
3.068895318620383159e-02
3.001759975970970037e-02
3.000900438759168676e-02
2.924913691630780244e-02
2.804889378416914811e-02
2.779030109959744824e-02
2.659664165674067299e-02
2.583201929875321087e-02
2.536000535329383659e-02
2.470840299464534956e-02
2.425010506852322625e-02
2.345823355211908504e-02
2.281796976945606181e-02
2.187101579441203328e-02
2.140302521462492114e-02
2.113309395406775745e-02
2.065138735494339087e-02
2.001331813537432502e-02
1.928600334998419388e-02
1.915359804331523419e-02
1.881911005174406043e-02
1.865049445402475192e-02
1.851772338684012920e-02
1.807442164186007574e-02
1.766422122354726135e-02
1.751407653186878161e-02
1.733686556203145948e-02
1.755595611091186753e-02
1.740599429949122104e-02
1.738880355525519381e-02
1.700402349278075723e-02
1.693928388150891737e-02
1.672439957855860124e-02
1.695866918883890198e-02
1.702450608165772400e-02
1.708851417189824126e-02
1.718946407422043687e-02
1.649835957988065108e-02
1.641752650591976961e-02
1.648098595538679753e-02
1.645648000083757209e-02
1.629426521214230941e-02
1.604554806149343510e-02
1.559877159161460886e-02
1.510499489547345760e-02
1.474033166136032823e-02
1.461798476887201867e-02
1.482829706537658505e-02
1.463042062640446464e-02
1.463279806975625527e-02
1.422186613041212001e-02
1.358032218594428311e-02
1.335976859500123508e-02
1.361470367441633411e-02
1.349930623172556840e-02
1.340219681481780861e-02
1.333489687993634834e-02
1.295724914751728192e-02
1.278040393819561936e-02
1.239525811520552148e-02
1.228242099612437792e-02
1.233819947476254286e-02
1.250736371325534592e-02
1.238337089844656833e-02
1.225425743641854817e-02
1.199584763210467982e-02
1.162679527180362701e-02
1.163356184134333934e-02
1.154486491629576166e-02
1.160137491596524920e-02
1.157504015883772074e-02
1.146293456078789630e-02
1.125609698918210444e-02
1.099604126254776458e-02
1.088302126320878950e-02
1.084479928932230962e-02
1.105291702273291168e-02
1.074714123164105875e-02
1.059973974383003441e-02
1.055310527808336896e-02
1.014418502157536477e-02
9.991114245771608518e-03
9.977946867207843420e-03
1.012498259450320820e-02
9.986176478810197474e-03
9.855599974719537332e-03
9.595544248085197472e-03
9.369138488891587749e-03
9.257764411873084173e-03
9.423819685982775737e-03
9.351399103882072905e-03
9.290865738540324964e-03
9.171079169661637553e-03
8.801112408071434107e-03
8.429499724160762625e-03
8.417612507401807734e-03
8.459857846960551486e-03
8.601224286263184360e-03
8.397495679040502259e-03
8.455285840514800005e-03
8.276977589130495722e-03
7.888174160983795272e-03
7.624643709450686091e-03
7.531009017441697359e-03
7.407930603922070409e-03
7.303871737216768509e-03
7.212980249075230839e-03
7.013457887782639788e-03
6.731090769693033604e-03
6.528093683501671497e-03
6.772787468478286277e-03
6.659950349397141846e-03
6.484202421622457975e-03
6.311380577973054948e-03
6.026636016531658133e-03
5.772798218663541259e-03
5.600890776303288007e-03
5.580956828199812314e-03
5.662155662676356810e-03
5.583700032067263376e-03
5.637283947611470072e-03
5.475252039174040644e-03
5.385457832579482532e-03
5.184838189739911923e-03
5.004335375261646790e-03
5.069623627306976861e-03
5.135094759610136714e-03
5.110405924803079758e-03
5.103273594747706997e-03
5.148262138173900944e-03
4.861871654412033492e-03
4.569994762915263915e-03
4.425336478971689767e-03
4.410523178087454900e-03
4.453134278161859083e-03
4.484589682508628369e-03
4.316156965047147041e-03
4.330787385673551260e-03
4.154307936867547395e-03
4.196553276426290280e-03
4.093225930752309241e-03
3.827866676640897473e-03
3.512215351626221584e-03
