8.979396507230772428e-01
5.378346693937449685e-02
4.703324026950005815e-02
4.392812608403368069e-02
4.637803572190138390e-02
3.969144521520188984e-02
3.886020816427511460e-02
3.739128717171470717e-02
3.460170918235475762e-02
3.561757375085664035e-02
3.137196729030680004e-02
3.150700818722609875e-02
3.153560313847094537e-02
2.914734619895196360e-02
2.700735294018303048e-02
2.949478312101362631e-02
2.711198070976677740e-02
2.781528427940158088e-02
2.636553678016142349e-02
2.654702381176166429e-02
2.741379794082509508e-02
2.447132787110975483e-02
2.735512043971572924e-02
2.703264211671749240e-02
2.722520349359752734e-02
2.705528667348363822e-02
2.715032769640726013e-02
2.937610580891073311e-02
2.655082545267860653e-02
2.993031893910708813e-02
2.953544414995137868e-02
3.068535788295945199e-02
3.022007009247249659e-02
3.003412026501324147e-02
3.247130267024594952e-02
2.949891533940160460e-02
3.265378143425930191e-02
3.220700598215052446e-02
3.346865490036966817e-02
3.282303709943111547e-02
3.276700421809004837e-02
3.512484803027348529e-02
3.238138559812343137e-02
3.490236939226444568e-02
3.530550861819611863e-02
3.564418523727525684e-02
3.505658378250398749e-02
3.504964165561217510e-02
3.642170344915824504e-02
3.432286708553362875e-02
3.633988552507617237e-02
3.641790180824130280e-02
3.688004911275338110e-02
3.627988571408265195e-02
3.551096251644667023e-02
3.638715810343470108e-02
3.367526581976884592e-02
3.522170722928781583e-02
3.587410186838266291e-02
3.620137356471096052e-02
3.548005352290454356e-02
3.504699703584386594e-02
3.669905794735970478e-02
3.327873814325794238e-02
3.548897911462259303e-02
3.604368811102550557e-02
3.580914339532356022e-02
3.570054869608735304e-02
3.464881647197777526e-02
3.532501268898740471e-02
3.313725098565338534e-02
3.443741217924853326e-02
3.515079836175001582e-02
3.582269707163614897e-02
3.480154326359764794e-02
3.494765850579674427e-02
3.563079684969819305e-02
3.286799563549237108e-02
3.508055064915430177e-02
3.650401723944687177e-02
3.610930773902668728e-02
3.738880784068192298e-02
3.688467719734792732e-02
3.980136222432224813e-02
3.643938934385881206e-02
3.845392845236856455e-02
4.215110688846523262e-02
4.059028535895606998e-02
4.104284591680803368e-02
4.404366291016170026e-02
4.374151510163234308e-02
4.394746486608944874e-02
4.443556250207806452e-02
4.631473013619747531e-02
4.943124924441468643e-02
4.799125378057016861e-02
4.795158448404552437e-02
5.255239643722643683e-02
4.920546483169525864e-02
4.584134319767008137e-02
5.217487696530025837e-02
4.696414957805297719e-02
5.002265234010289802e-02
4.628216825530016842e-02
4.674415027107672177e-02
4.928877035439700738e-02
4.435490159914462494e-02
4.644382063863807669e-02
4.706547157292632899e-02
4.438019077567908338e-02
4.552217064938222230e-02
4.108367223448131100e-02
4.154003443325021694e-02
4.111392007308135171e-02
3.989937844448521870e-02
3.876186136664110105e-02
3.927243827066035503e-02
3.557840032053855711e-02
3.574534194341309756e-02
3.266287231471286245e-02
3.040023481418858628e-02
3.180518906610300262e-02
2.821164666717696640e-02
2.785445770971966412e-02
2.754371488694330045e-02
2.601925687924840080e-02
2.553578732785432084e-02
2.309877021135713082e-02
2.437215462979814770e-02
2.285943212232512123e-02
2.226439267445548889e-02
2.226092161100958269e-02
2.180406354603411923e-02
2.091712419123732333e-02
1.966274797738102806e-02
1.978473106419430250e-02
1.946357505108022024e-02
1.900555996495612368e-02
1.889498180089368290e-02
1.856820597077194282e-02
1.867647009253711049e-02
1.755415957836077567e-02
1.775300192719054052e-02
1.776820849085831988e-02
1.729614386221507705e-02
1.736969734952118621e-02
1.678738513428654211e-02
1.696854158841573992e-02
1.593383410406465708e-02
1.618755231308684553e-02
1.655829494685673309e-02
1.616358544643654166e-02
1.598656121069532560e-02
1.603548667640904840e-02
1.597796619644831911e-02
1.507929134142965352e-02
1.509929127842749366e-02
1.508127480625588539e-02
1.499218417781095734e-02
1.453929304248795761e-02
1.455516076109781773e-02
1.457995407142571691e-02
1.375136164026725082e-02
1.383764236020834822e-02
1.402276574399001149e-02
1.386855135375046448e-02
1.382508041630887800e-02
1.352937886846477221e-02
1.395582380610467868e-02
1.297929795665640068e-02
1.302144658421383258e-02
1.360375879944847842e-02
1.297698391435912930e-02
1.295880215345200127e-02
1.308491745865326093e-02
1.313384292436698547e-02
1.232806033871018843e-02
1.226987870380738012e-02
1.241301874876713299e-02
1.262938170356195204e-02
1.243615917173983981e-02
1.206905289015137994e-02
1.282260423538406427e-02
1.190227655601236272e-02
1.156079002842940080e-02
1.236425857178892473e-02
1.181120246274120281e-02
1.216624266663675347e-02
1.152492237282170227e-02
1.173434320072471067e-02
1.189996251371509134e-02
1.106095689221890666e-02
1.128855948102904135e-02
1.170310362971155489e-02
1.115401445031629669e-02
1.154227769005123326e-02
1.126839425529568145e-02
1.119864240890651973e-02
1.080360233101528879e-02
1.066029699732001963e-02
1.079285856320653242e-02
1.061682605987843142e-02
1.050723962822910744e-02
1.053947093165538001e-02
1.034162031523872677e-02
9.936497624480816748e-03
1.000972053431588467e-02
1.026062883483424941e-02
9.945423216198862743e-03
1.012277802941111658e-02
9.817159157435851463e-03
1.000938995684484689e-02
9.614349878953617687e-03
9.253524569314892922e-03
9.868068087975807867e-03
9.494515545702094869e-03
8.974021317551683294e-03
9.350383768329226936e-03
8.713856847844238251e-03
8.906418224724273192e-03
8.235841824722298088e-03
8.357990200271092282e-03
8.292205283534392554e-03
7.806586978578565310e-03
7.744438414023292402e-03
7.940801431820271317e-03
7.496009444537718794e-03
7.676008877518284389e-03
7.565926579662402007e-03
7.409894013332141149e-03
7.553034058291892283e-03
6.885267566793747823e-03
7.040638978181929658e-03
7.013862203027796879e-03
6.655350935686340889e-03
6.855680883135785268e-03
6.552045475986752882e-03
6.798160403175054246e-03
6.164112813722854092e-03
6.263286055034459482e-03
6.325765197060771033e-03
6.061633797700861394e-03
6.182459863365501011e-03
5.942460619391415864e-03
6.191881321290104538e-03
5.696015114732074988e-03
5.615850078005193806e-03
5.773535531690647017e-03
5.347586460257300681e-03
5.550230450004014701e-03
5.380148341154611033e-03
5.445437391684751494e-03
5.162132499004597891e-03
5.047256827818654736e-03
5.337173269919582089e-03
