4.166319293058103399e-05
5.067145086151748086e-06
1.989323626415130360e-05
2.533572543075873789e-05
3.340562316055596291e-05
5.667695614880844150e-05
9.909083724030083942e-05
9.139628359095929976e-05
1.884227283887538731e-04
1.349361969238187741e-04
3.338685595653318101e-04
3.847276824670771184e-04
1.063162107890727693e-03
1.381829232197604243e-03
1.585828739925269123e-03
3.482817722548301170e-03
1.755671936331466669e-03
5.142026230202656478e-03
4.521019449088725661e-03
6.483505973751275443e-03
6.936170934780831049e-03
8.040620891521682925e-03
1.095103889137506552e-02
6.716594647714254837e-03
1.630175643031108249e-02
1.439125506079164465e-02
2.073532070865363383e-02
2.180035953694664172e-02
2.689509241301188402e-02
2.906064008520095263e-02
2.862054915086666151e-02
3.438958766747054335e-02
2.766229571346330227e-02
3.698771939238479356e-02
2.556506066391716139e-02
3.795873452852364938e-02
2.714432088243445493e-02
3.614394589952041326e-02
3.141104471701445383e-02
3.522378988628330904e-02
3.592868606937908021e-02
3.623290244658840947e-02
3.865631150205054573e-02
3.749799966976429672e-02
3.803586773705729812e-02
3.753759847025237018e-02
3.849191079481095040e-02
4.029468841323960437e-02
4.006891894884551109e-02
4.133795728486618776e-02
4.107352738018515276e-02
3.918667268773442375e-02
4.045683705599645991e-02
3.783430796585258993e-02
4.047372753961697017e-02
3.742255550959271149e-02
3.882446565009468886e-02
3.701436882209715312e-02
3.668857016026161322e-02
3.782004489079527493e-02
3.542197156076390407e-02
3.751939428235027268e-02
3.509429617852609373e-02
3.527033255225980879e-02
3.418765255218538662e-02
3.216586166281083792e-02
3.341350538624553168e-02
3.001926886668477429e-02
3.301451462872113940e-02
2.985524350352564138e-02
3.028294808320489487e-02
2.999674822185743536e-02
2.780211138343304314e-02
3.020975598751603555e-02
2.665299548111796715e-02
3.049764489722554470e-02
2.837038232124295192e-02
2.941684161755339991e-02
2.929335341508347915e-02
2.775219062073243717e-02
3.022552043889517245e-02
2.746636610346543314e-02
3.092497413282433924e-02
2.906664559048824370e-02
2.938456202663421168e-02
2.987232165918637244e-02
2.685755800496631568e-02
3.012886933817783552e-02
2.698611335252238189e-02
2.984848731007743936e-02
2.851714185670112603e-02
3.080655307544057087e-02
2.835199046130062323e-02
3.169330346551712391e-02
2.823995025328460140e-02
3.433703949620674212e-02
2.932863575864631811e-02
3.672160043934170892e-02
3.294995544688276295e-02
3.546644983429790565e-02
3.539738652349405656e-02
3.373104647831104419e-02
3.652754754974612411e-02
3.372297658058124453e-02
3.840877208099002099e-02
3.885449317653114770e-02
3.943158470023176015e-02
4.134696554279711916e-02
3.968175152985547322e-02
4.384544341435039211e-02
3.929890056779068025e-02
4.635217885567367857e-02
4.313153897332367565e-02
4.884202381337646171e-02
4.694766223931662319e-02
5.487399085833955664e-02
5.523676091209996780e-02
7.039972340230850334e-02
6.988606502820489397e-02
8.066857442745536955e-02
6.804275024908702785e-02
9.164757645282438359e-02
9.275934561913411203e-02
9.701499680334067788e-02
1.045338894230289500e-01
1.058466553444227104e-01
1.088347695689304145e-01
9.244893606459726743e-02
9.540026656922032111e-02
8.623229973204998844e-02
8.912226147951853028e-02
8.999137069781366904e-02
9.360030403139507627e-02
8.877938466202227319e-02
8.633458099397416097e-02
8.210614225560064483e-02
7.479087379955956516e-02
7.428228257054211858e-02
5.733343294552543240e-02
6.116438230269638510e-02
5.079981853703331718e-02
4.797629269180542916e-02
4.476597477166795180e-02
3.966655009459701953e-02
4.284590212809689935e-02
3.704533470873474371e-02
4.263195600223716047e-02
4.024983479562515426e-02
4.034235711145747749e-02
4.381128710302891610e-02
3.907350644747703550e-02
4.678889169328386693e-02
3.994824582697900639e-02
5.049184871901943317e-02
5.049259940718034412e-02
5.276662151862111100e-02
5.746592940592627763e-02
5.394107314636694545e-02
6.219451413150699909e-02
5.471015316722064453e-02
6.351103349370532114e-02
5.600828066947662748e-02
6.146034111013568696e-02
5.784071047026128481e-02
5.985893559087149957e-02
6.535847705770819749e-02
6.121486608151766734e-02
7.356462468871084737e-02
6.625648777019842173e-02
7.538785855952433168e-02
7.357025484991767950e-02
7.996912073352620276e-02
7.690180890804233782e-02
8.341065060722437086e-02
8.006314442568034095e-02
8.528511894502006918e-02
9.830411604766571554e-02
9.275315244180659668e-02
1.030646050200851732e-01
9.615395748277533183e-02
1.147154729494698627e-01
8.930711843914294901e-02
1.090652308343302151e-01
8.761075086752348473e-02
9.995319026514777605e-02
9.099823119363603663e-02
8.299045290915423034e-02
9.667418437828691202e-02
8.370097925345684753e-02
1.000509673981064829e-01
9.486709030293301315e-02
9.949039101394592521e-02
1.041767495304753710e-01
9.740197655029048107e-02
1.070025274401859988e-01
1.058517224895088732e-01
1.122413924431462234e-01
1.204775676005853252e-01
1.241180298369249924e-01
1.740142075002612532e-01
1.968437605058173945e-01
2.412753037017993374e-01
2.422119748545764895e-01
1.826360487003685640e-01
1.314815300073046422e-01
1.112189551679849397e-01
1.084740639076125085e-01
8.317493452469820747e-02
8.616060901268295102e-02
6.495197941857469570e-02
7.111193879497317016e-02
5.861391927600000107e-02
4.647735610650565591e-02
5.447124666001060267e-02
4.160726666259313700e-02
5.191834389679126499e-02
3.945110259241545181e-02
4.999958495750179976e-02
4.608756127895242277e-02
3.885111507980704149e-02
5.007127567686883718e-02
3.580801294751257552e-02
5.138835805518783550e-02
3.857185908394801521e-02
5.260334684362288904e-02
5.107175532332346862e-02
4.882381962547436421e-02
6.321488701422578460e-02
3.790280826053575580e-02
6.264380099581245975e-02
5.380125747639720457e-02
7.369561977278987763e-02
6.745214633849000441e-02
4.813243582927499709e-02
5.078461710177487043e-02
2.902667144591971476e-02
3.689407104431109696e-02
2.458203451720371996e-02
3.071703351225189491e-02
2.652969495068827413e-02
2.660420075065872761e-02
2.700375452430379963e-02
1.933115850366891667e-02
2.602785991511902264e-02
1.364713542128825029e-02
2.028472014006658594e-02
1.914498783976289684e-02
1.209208489596034879e-02
1.355273638505364621e-02
9.384728043633491085e-03
9.351697764553391912e-03
5.581554148416263510e-03
8.018663262815027212e-03
4.069480520300537349e-03
3.461235437922099197e-03
