1.035550635214854340e-02
2.180356159540424322e-03
2.640688694129875516e-03
3.152783942909213964e-03
3.603435664539488860e-03
3.688587305057966417e-03
4.848506751656537182e-03
5.260435221450102984e-03
6.313273022663487728e-03
7.126658878845793139e-03
8.308113195088248290e-03
1.044144826311266781e-02
1.070322534823327926e-02
1.562957373878606088e-02
1.438924427434289284e-02
2.004185120444538365e-02
2.225401574942310542e-02
2.522523505744488775e-02
3.359281610356808223e-02
2.999096097991988882e-02
4.950767747323275847e-02
5.937361128430290735e-02
8.540255138497092335e-02
8.757539997527770403e-02
8.492305479207452878e-02
9.496798485908375387e-02
7.051464645942469300e-02
7.566108516909020310e-02
5.983769760350918232e-02
6.578211189566687822e-02
5.366450001733664987e-02
5.607205893000061919e-02
5.854639569532177346e-02
5.216693752283533408e-02
5.490561975222546520e-02
4.772206140129307828e-02
5.748387708114920808e-02
4.852280293034502007e-02
5.738904462767155379e-02
6.302090695857580360e-02
5.894982875782463216e-02
7.228584009573131575e-02
4.921666038162320067e-02
8.867130751577885495e-02
8.754003537283498726e-02
1.128555588286950656e-01
1.133048275770454638e-01
1.007300442459083678e-01
9.269141327278579423e-02
7.216216277098753962e-02
9.251577566624070992e-02
6.823017216867026391e-02
8.239241125750101924e-02
7.059308080115517248e-02
7.048501131771292560e-02
7.455134789579020982e-02
6.772439908345609383e-02
8.514018159701607080e-02
9.149573408852168521e-02
1.364623200134546521e-01
1.649885147223675852e-01
1.888317643379870403e-01
1.989934568633406342e-01
1.721633800983978502e-01
1.453874368589818666e-01
1.288298880493946863e-01
1.209200711589125954e-01
1.214432301939309955e-01
1.046057280789732952e-01
1.040863228285717201e-01
1.094036575221084134e-01
9.654259872203564685e-02
9.530384979848377514e-02
1.040485874147920736e-01
1.038668252122932345e-01
1.029866615034537441e-01
9.436382310338652102e-02
9.436066202160393879e-02
8.577615173815060501e-02
7.561090299579160956e-02
8.026243483887059160e-02
8.572063523934389528e-02
7.351352523304412190e-02
7.035659237029527613e-02
6.452538431947653363e-02
6.037290826282370321e-02
5.908101365180205844e-02
5.420919392199893133e-02
5.377138409511041800e-02
5.608529595996521178e-02
4.659474061057744532e-02
5.168921903844165416e-02
4.805298715040780266e-02
4.904932061475741900e-02
4.720403912417137776e-02
4.339157692675822686e-02
4.812667986946440185e-02
3.965833934152120099e-02
4.381733512935061942e-02
4.317484525703950415e-02
4.350774668226835284e-02
4.194557957883539995e-02
4.008133159755382369e-02
4.394575407676827583e-02
3.744933587832606492e-02
3.986124127844109521e-02
4.033421814016090179e-02
4.259379891187745071e-02
4.152594597219676914e-02
4.076214958647882136e-02
4.304366036306207788e-02
4.013981161053171293e-02
4.338268638424469525e-02
3.991853588575051959e-02
4.610655104277893573e-02
4.349174370574400428e-02
4.413680195700347281e-02
4.442762148100160707e-02
4.283799247958242074e-02
4.808558580629074958e-02
4.018149837653959416e-02
5.083533182191993238e-02
4.276311435485734974e-02
4.627191513353059310e-02
4.590226613257915311e-02
4.051736331593962931e-02
4.132877349600781042e-02
3.477822177203877124e-02
4.133509565957298876e-02
3.643680186984068342e-02
3.721462555596886934e-02
3.862091181399793238e-02
3.418433353213495840e-02
3.747284642408407057e-02
3.191645492073911378e-02
4.158245030906054102e-02
3.634058644308314767e-02
3.884455835011606933e-02
4.195229687762339760e-02
3.746711696335312813e-02
4.085342582295106717e-02
3.328619117065699518e-02
4.249679321467426940e-02
3.379255695870539422e-02
3.644332160101727142e-02
4.135564269115981489e-02
3.451348117274698896e-02
3.989048128493003637e-02
3.343891093427830974e-02
4.011333755060253470e-02
3.286754540207543346e-02
3.376213154654798126e-02
4.010029808824935871e-02
3.213832334835454302e-02
3.728515719324287936e-02
3.251093586347716946e-02
3.847174826738204018e-02
3.314453519327475312e-02
3.294183082396626855e-02
3.868670182859805518e-02
3.134192830675365526e-02
3.788793597566021687e-02
3.179040678465840097e-02
4.047784979365727509e-02
3.458203713390687467e-02
3.280254565792095622e-02
4.154451732766947791e-02
3.101455877464433242e-02
4.298853899947819440e-02
3.364576422342644563e-02
3.888999890074077564e-02
4.279768868685440708e-02
3.742246668317406738e-02
3.662073731606505650e-02
4.349727559886353012e-02
3.501095641828185639e-02
4.337340070650834434e-02
3.671359409342858648e-02
4.791251657869403241e-02
4.408266843147663760e-02
4.353915993248282795e-02
5.701623454493752463e-02
4.771830761667624626e-02
8.592472258193226131e-02
1.005263520385428211e-01
1.073870849124283489e-01
1.498894100202221580e-01
1.166958780593172762e-01
1.518878064096523262e-01
1.050502552046497923e-01
9.132997486254719466e-02
6.769377610368726428e-02
9.879961111480384250e-02
7.597581037406916926e-02
7.194918488588564198e-02
8.648028270522219174e-02
5.656518768808442565e-02
7.657700861559521566e-02
4.791824603942497485e-02
7.183005161620434342e-02
5.823838778913081188e-02
5.284005037491528584e-02
5.977803218486281434e-02
4.400048030512934000e-02
5.499215436602381685e-02
2.923328919015570973e-02
5.212307751310192583e-02
4.728998103513550044e-02
4.670360036446533775e-02
5.300956338550659452e-02
4.090894232175777689e-02
4.869034026482221139e-02
2.545500618951679339e-02
4.715484478892984638e-02
4.201393797238386907e-02
4.142419865231970755e-02
5.041214199827589310e-02
3.955402364269577919e-02
5.135513220754432673e-02
3.162820377568932584e-02
5.646561361193288414e-02
5.196443072113825917e-02
5.131028435975385632e-02
6.498374117795185922e-02
4.985559403692890745e-02
6.378549361473941082e-02
4.285814437594642062e-02
7.051286835092197836e-02
6.369599548676986578e-02
5.521501063169630130e-02
5.187710583689425503e-02
4.268329703984698881e-02
4.387502487188286310e-02
1.955069812247569108e-02
3.934262629848516574e-02
3.330239171479276727e-02
2.581260356617211607e-02
2.743463365586284661e-02
1.920732561384201620e-02
2.071002486624002811e-02
7.804710921211027892e-03
1.513822308920495865e-02
1.325342807633655799e-02
1.230352300066871185e-02
1.174737017454454552e-02
8.439298089065672831e-03
8.460437823486733136e-03
3.127495288648505806e-03
5.830022645150269821e-03
5.943031318877808368e-03
6.536524423558801901e-03
6.622466334522926316e-03
8.009390966633634160e-03
3.750623535041265871e-03
6.203622998329948656e-04
