1.359334147130961405e-04
6.938268042647615676e-05
1.114573087900535181e-04
1.808399892165296749e-04
2.481998509716800035e-04
3.011977001604169047e-04
2.577070987269114433e-04
5.111662782440385593e-04
8.489769963554530960e-04
1.239178718054206657e-03
1.943726461276995120e-03
3.696498839980831303e-03
5.650339394614456445e-03
2.939560093170704141e-03
6.738615839787755711e-03
9.336926423105790587e-03
1.101728189337616327e-02
1.304576445698170904e-02
1.728134447287087844e-02
1.905191765588238120e-02
1.070536325425771804e-02
2.591958932690072506e-02
3.983152473894415596e-02
5.323633951008620302e-02
6.077052993330640113e-02
6.475204392407704623e-02
5.344509439696702724e-02
3.394835891526010174e-02
4.745471918370269826e-02
5.635936925674615156e-02
5.674572762296938716e-02
5.641803099821460915e-02
5.504676222092282772e-02
5.270595645446456839e-02
4.228399009605959824e-02
3.877682708371486819e-02
4.554416694863545195e-02
5.345986097326770742e-02
5.531923589595041935e-02
5.659280253141715789e-02
5.435010347051820456e-02
4.425805883740648039e-02
4.047437651269150671e-02
4.155456168317950283e-02
4.664397346023530649e-02
4.983679045105600391e-02
5.014425888909752882e-02
4.795678277792576882e-02
3.835426026327490301e-02
3.706006087736062743e-02
3.823653221660373164e-02
4.109315674425007697e-02
4.356402975127458832e-02
4.515356066320242584e-02
4.348210559508589035e-02
3.531902084695048155e-02
3.600131758478868765e-02
3.736591106046509986e-02
3.779292808198198017e-02
3.899893257382643780e-02
4.211285963646543840e-02
4.139354531694196954e-02
3.414861796372135883e-02
3.579033759736940240e-02
3.754735789528302475e-02
3.829317113940085976e-02
3.830510576956167729e-02
4.378573067765189480e-02
4.494885141366426057e-02
4.042886309258666988e-02
4.840847818723283125e-02
6.083971033186575533e-02
6.893725575505020575e-02
5.256415686560462347e-02
9.641077438526342303e-02
1.199715548595310932e-01
1.211992035111587457e-01
1.232005803045685410e-01
1.107327351419846173e-01
8.126087394636859196e-02
6.792726239245720776e-02
9.756539928285622165e-02
9.264651111979319009e-02
7.850700860722559238e-02
7.499944103114659921e-02
6.776017757020570687e-02
5.655598723159902669e-02
5.949332222423128064e-02
7.121656783390015177e-02
7.390752351236490325e-02
7.264285727905200885e-02
7.206453342091995173e-02
7.147548862382986645e-02
6.389234598876357418e-02
5.631587865531265807e-02
6.951112941210534080e-02
7.903273917990318032e-02
8.406429834295907344e-02
8.016046058916734274e-02
7.619674740270435120e-02
6.827013015724694989e-02
5.414883301272128968e-02
6.415005308749048563e-02
6.942880069218237971e-02
6.263819841254154863e-02
5.984913602851749115e-02
6.306582227965983056e-02
6.577053312508961136e-02
6.551403971756548927e-02
6.613949525073944957e-02
7.171337209957778791e-02
8.095704658193544900e-02
7.462441044948278646e-02
7.105433777645982218e-02
5.886402333558180683e-02
7.685982736316497588e-02
7.897630253897319763e-02
8.238050408094745036e-02
8.632722559057127987e-02
8.347363529093192180e-02
8.958558190634294260e-02
9.247072817725496274e-02
9.192072378052147663e-02
9.203177652557725796e-02
8.467802152783933389e-02
8.194438437540958742e-02
9.239163596720613436e-02
8.689159199987118998e-02
8.309152484391846283e-02
8.248589293372352027e-02
8.469905884202111324e-02
7.792989844029633850e-02
7.529537940276156971e-02
7.575678434169098863e-02
7.901109502012000629e-02
8.252311279727592153e-02
8.418243095336450099e-02
8.369250427116937951e-02
7.766875254982817667e-02
8.376431433400144400e-02
7.577883306520843965e-02
7.523954960743298170e-02
7.869513074365890037e-02
7.922450238994487026e-02
7.650765463248714038e-02
7.820763144386937149e-02
7.906368830557447547e-02
6.414479375894503732e-02
6.262019532636675656e-02
6.587652882346708982e-02
6.846877095077114062e-02
6.342062467461037634e-02
6.314693730837998842e-02
6.092183676992158486e-02
4.941038027514051828e-02
4.708434108498293913e-02
5.148478082258516053e-02
5.316958649393244835e-02
5.232748708105950525e-02
4.842445845473630078e-02
4.580956075831339736e-02
3.622908696717997562e-02
3.835850818248467964e-02
4.409380596129482827e-02
4.567180680679611138e-02
4.737421100058393508e-02
4.756840159303121068e-02
4.462965062732903582e-02
3.349282015047751887e-02
3.530850218985958494e-02
4.078366548753722953e-02
4.336093875667347552e-02
4.580834706711060106e-02
4.734993717652801609e-02
4.746544012266072643e-02
4.679730311552180583e-02
3.585668604978889396e-02
3.759651238899623660e-02
4.398659657171455351e-02
4.735256684080074718e-02
5.095763427683765168e-02
5.379989679191757995e-02
5.354057143825360909e-02
3.835790133688328496e-02
4.188569709967554511e-02
5.066392100576114221e-02
5.595581693181665706e-02
6.202326153645849882e-02
6.599547056134104361e-02
6.471239667811906626e-02
4.396677294873555658e-02
4.732910214421336137e-02
5.978076475742667706e-02
6.461428997255976026e-02
8.040542393026489654e-02
1.600514817313140881e-01
2.598866858452650308e-01
1.671548117775418785e-01
1.618566451136052298e-01
1.181479838273308686e-01
9.651636551990663837e-02
1.088569753880641588e-01
9.449900845899339430e-02
7.680217703103217608e-02
5.235964989793358976e-02
3.773001842130374595e-02
5.578246137168402924e-02
6.024318110569176071e-02
6.276684968003787279e-02
5.917250318295900341e-02
5.482020652973433605e-02
3.746138810175167477e-02
2.765334721009410010e-02
4.607009980318016451e-02
4.910533921950457903e-02
5.011270291782484593e-02
4.968952925178348606e-02
4.758903434347873385e-02
3.192169688845874348e-02
2.892286820821819357e-02
4.637433173134757058e-02
5.123293989800509207e-02
5.246463418697539655e-02
5.772396273242257070e-02
6.540278469064256250e-02
4.252996484649281678e-02
3.639698091690001663e-02
5.792401949901668928e-02
8.101348322286544557e-02
8.306806014733109089e-02
7.361886728796671053e-02
5.706715350984306601e-02
3.560686794388014803e-02
2.492941958728672747e-02
3.437780331918257465e-02
3.283034703561830969e-02
3.031618570902742948e-02
2.999718720455934323e-02
2.881424284556799789e-02
2.014080094665707601e-02
1.873736935249121355e-02
2.349665712238663967e-02
1.951231118547613885e-02
2.225282592138838264e-02
2.269299126426888372e-02
1.607898105463479929e-02
1.103973518062787915e-02
7.572017132373999246e-03
9.201195290259827145e-03
7.586581426807545263e-03
7.651109342422839771e-03
8.631569552414472199e-03
8.255527561414999910e-03
2.851162917233765037e-03
7.767623697891207256e-04
