8.258827332395937137e-01
4.308657661831331864e-02
5.061473388382262129e-02
4.152288601806501667e-02
4.565215587400212049e-02
4.476306040392547675e-02
4.910361614105144407e-02
4.815827814820954761e-02
5.809126372088896373e-02
5.615025589469789524e-02
6.586957450565798788e-02
5.850309260816744655e-02
7.394240394251178072e-02
6.566319785226872041e-02
7.664243021003565304e-02
6.821467971058155222e-02
7.655905037240109956e-02
7.189996208572280167e-02
7.953835637661473001e-02
7.716442609091643534e-02
8.875060287907762802e-02
8.537959512124600192e-02
9.790498912465016301e-02
9.178905072176125890e-02
1.013160410544618473e-01
9.609188033883536706e-02
1.002190702508973241e-01
9.750327282644813409e-02
9.068756987154491522e-02
8.715389229441415642e-02
8.374754650023917557e-02
8.084382579651183676e-02
8.235834708380597446e-02
7.853550128260597396e-02
8.671609562299752161e-02
7.437669902491303442e-02
8.888068691099951235e-02
7.812651568560798065e-02
8.924354257430869297e-02
7.096141717557075124e-02
8.164686621494617047e-02
6.855261806645719658e-02
7.123279732744181025e-02
6.497170405350877198e-02
6.702460165509771528e-02
6.434869433271189765e-02
6.618810705521031845e-02
5.858870645959381868e-02
6.012520371954857556e-02
5.914226566385937661e-02
5.687627536114962801e-02
5.032036229847650088e-02
5.014933768778664924e-02
4.572567523696933339e-02
4.895957477531420743e-02
4.560297255469190209e-02
4.915610496039219540e-02
4.596865049874750142e-02
4.828847423097991365e-02
5.032847197863615091e-02
4.582319449104804709e-02
4.004325456372025138e-02
3.682155456150500855e-02
3.149374681102289075e-02
2.928184205224490869e-02
2.761770486950102313e-02
2.531459072005006611e-02
2.495558680465781096e-02
2.349879971704948306e-02
2.305612183054538133e-02
2.213911869601604965e-02
1.982838508886759429e-02
2.067881601303626568e-02
1.927722797466659838e-02
1.920361757038499192e-02
1.829062025368927147e-02
1.900895723384122410e-02
1.797794936414870773e-02
1.753723236749322664e-02
1.482209324177892300e-02
1.601752172527826784e-02
1.484523174199264654e-02
1.492532008595272817e-02
1.386903774674709891e-02
1.325956516908373406e-02
1.285651826705585740e-02
1.232283408204167506e-02
1.233541879296299985e-02
1.213000857814197468e-02
1.198219249944614505e-02
1.164190807893018646e-02
1.182841671624611582e-02
1.107818026016392510e-02
1.123559069276193305e-02
1.075214730694061711e-02
1.096620644662966472e-02
1.054287834102462899e-02
1.090220440260629940e-02
1.053147016401247658e-02
1.076315630280501486e-02
1.046782528206867922e-02
1.032327268433519754e-02
1.040151919247318466e-02
1.049802298573743534e-02
1.016484679092272483e-02
1.084040835966263230e-02
9.826803387376617169e-03
9.910463352132404397e-03
9.860705772223659141e-03
9.174674452327726340e-03
9.447595303365542360e-03
9.104859770538807975e-03
9.100349723886980505e-03
8.564809696694637361e-03
8.671426079035345416e-03
8.269254574261317506e-03
8.377012474621043508e-03
7.945931850935925717e-03
8.169298214227889085e-03
7.948109839303500040e-03
7.849680172080783155e-03
7.981136826896693265e-03
7.668949156640254144e-03
7.824461727991918053e-03
7.482678627377371827e-03
7.676414544421072787e-03
7.794102951228455180e-03
7.287724157356311773e-03
7.616306267382824853e-03
7.203433906577754245e-03
7.123548654780562615e-03
7.062950155280159521e-03
6.727673007056213239e-03
7.062705044049081941e-03
6.440108510756021622e-03
6.765462155710342054e-03
6.471692843674872395e-03
6.470761420996777591e-03
6.447980082862626340e-03
6.697650382838227570e-03
6.155240237997683383e-03
6.781401388908413555e-03
5.851596444938802523e-03
6.432145897335016412e-03
5.812021485886823512e-03
6.096903765001223698e-03
6.348604986605752704e-03
5.717352525266639410e-03
6.491525843858062146e-03
5.744510849670033531e-03
6.377801235816106008e-03
6.132213788632453685e-03
5.853550331609392622e-03
6.363836898822716227e-03
6.011710104256695261e-03
5.959088224533358458e-03
6.292432495620807129e-03
5.977324500125528670e-03
5.944633665077813517e-03
6.159056970024462223e-03
6.061761817642732746e-03
6.325144340202615637e-03
5.658245702686793416e-03
5.608908313459897051e-03
5.694718253871135574e-03
5.385345861183071618e-03
5.305712723794988109e-03
5.468781724241872019e-03
4.931665981992602692e-03
5.144009343064107238e-03
4.541813067374730374e-03
4.726703970565548571e-03
4.558690726428928086e-03
4.448684805921319756e-03
4.458055058126512982e-03
4.339330180970574213e-03
4.361579277574385329e-03
4.164257733378920294e-03
4.280965695261992367e-03
4.060820793864190238e-03
4.253009008563088909e-03
4.105487063344552372e-03
4.190778768581511840e-03
4.116405017894550489e-03
3.982007028305709420e-03
4.015118054035271729e-03
3.891567987216120773e-03
3.989696517783514022e-03
3.887842296503741558e-03
3.892807549727570187e-03
3.978491432934254217e-03
3.770469032707745617e-03
3.927711389033015400e-03
3.707601503525367274e-03
3.945044254659213837e-03
3.725235505806889780e-03
3.965955744259144940e-03
4.012800002107081397e-03
3.816269817029094725e-03
4.032128773472054908e-03
3.977454962585697841e-03
4.339449234997097733e-03
4.144697857138931150e-03
4.226025763610465232e-03
4.259031741669565968e-03
3.758710696794054056e-03
3.942320018405237429e-03
3.401814737989066525e-03
3.554063828378384651e-03
3.265511883975851740e-03
3.407662391644774007e-03
3.206727207585422304e-03
3.200592423630452266e-03
3.156521424282707732e-03
3.124586932462316939e-03
3.068484473257679368e-03
3.082490829319253691e-03
3.017018117909422894e-03
3.146135711263049750e-03
2.933820362903668232e-03
3.127521264057216924e-03
2.922853386107455466e-03
3.164743155290851602e-03
3.047124780263777647e-03
3.263957178453016743e-03
3.231350381541670674e-03
3.177047739090945247e-03
3.276850029207696580e-03
3.242625498171238484e-03
3.358703174031539389e-03
3.347911276686096199e-03
3.539070024214468601e-03
3.559925488390153214e-03
3.521968263463285797e-03
3.754102605649795553e-03
3.637926885297063616e-03
3.901330417391038995e-03
3.755447215831706539e-03
4.037171061654221647e-03
3.986229944658274335e-03
4.059469180504248279e-03
4.257112870889130304e-03
4.278430544814847483e-03
4.635683665699404273e-03
4.703537457639703732e-03
5.161349211868337082e-03
5.296370484301917043e-03
5.475322692522627266e-03
5.728284486172699475e-03
5.514393422756390037e-03
5.923203940303604226e-03
5.650829337152190289e-03
6.509012779400938538e-03
7.114535564654939082e-03
7.447011441666570412e-03
