6.882755541763067031e-01
5.180339963385936775e-02
4.800391629553304312e-02
4.591754637141985673e-02
4.396957577892280505e-02
3.863271374019247584e-02
3.939593199181652683e-02
4.225746792235343663e-02
4.055916756160232728e-02
3.827930888442112461e-02
3.947070006823258370e-02
4.105331805015861174e-02
3.952785466721093349e-02
4.056900688908441494e-02
4.512883236792464281e-02
4.723290226905779016e-02
4.556563363344249412e-02
4.507892210896057711e-02
4.144250129564228807e-02
3.898658353121847026e-02
3.822254353356294848e-02
3.917556349356118850e-02
4.037177702908364280e-02
3.632405070211865844e-02
3.310721773744846469e-02
3.135807724722399631e-02
2.962989128080202941e-02
2.928443357415082618e-02
2.915620875589803804e-02
3.042424938203971280e-02
3.115735496658947681e-02
3.097166198837264517e-02
3.166362620910995185e-02
3.485044381873590030e-02
4.238363837552754781e-02
3.955011749719512110e-02
5.170235730933180757e-02
5.793526852069433991e-02
5.120413052796151526e-02
4.470540610031376039e-02
3.871207710691609849e-02
3.561193207871474892e-02
3.326699327833061715e-02
3.346123890274341900e-02
3.389093639006815484e-02
3.345493524568621257e-02
3.197893881134351857e-02
3.091005266090789821e-02
3.002654592770341926e-02
2.904109943680543635e-02
2.747649499288506644e-02
2.754294829695637381e-02
2.638235096442950386e-02
2.482736959903556959e-02
2.298422568778995742e-02
2.226826864542325729e-02
2.185890937237741985e-02
2.259663187213031485e-02
2.353478471642759737e-02
2.380762602377146236e-02
2.303619031183270355e-02
2.252809176563697752e-02
2.250793736297037814e-02
2.149444338252456260e-02
2.244333298746988350e-02
2.311708904614144522e-02
2.336545097170570490e-02
2.390088338589561184e-02
2.408993903537280656e-02
2.487632836259477676e-02
2.494044617794506299e-02
2.495449154761454624e-02
2.763954670544532116e-02
2.966210156274612722e-02
3.079501902894977300e-02
3.085760147671494369e-02
3.203766121525033345e-02
2.985096258816323511e-02
2.825795384391821541e-02
3.048674533022261920e-02
3.283031094973837272e-02
3.434994642333128595e-02
3.312013861254856084e-02
3.213445424779936416e-02
3.185031393252277937e-02
3.272433814902199478e-02
3.334956794204565339e-02
3.370712477776548199e-02
3.566681606365877666e-02
3.750868410606605224e-02
4.039371548563435582e-02
4.191813006114713386e-02
4.550595973413082418e-02
5.161451698354670159e-02
5.935394816934193990e-02
6.902300122374732672e-02
7.683248625872544924e-02
6.811551248136123171e-02
6.160604048061766452e-02
5.177700644882226449e-02
4.951673992702296245e-02
4.683751267854695949e-02
5.938117391285830521e-02
6.108425337552927936e-02
5.192692103732676062e-02
4.217719631001608238e-02
4.070358942663331731e-02
4.640422545855842767e-02
5.354770695992505658e-02
6.482385737803605941e-02
6.026654038708137429e-02
8.852265611487655783e-02
7.544543301984169004e-02
6.607579826942958090e-02
6.890273436706245702e-02
7.249924643561550530e-02
7.578686849591780017e-02
6.959623395538488966e-02
6.173297861758433175e-02
6.438920778962693714e-02
6.642838137916945440e-02
6.405911457127468067e-02
6.596516530371893117e-02
7.137785503874802262e-02
7.446952310788787499e-02
7.580513072022244947e-02
7.726789271847936402e-02
8.275430172248959826e-02
8.722202677111839941e-02
9.015041606629457804e-02
9.307015540324474479e-02
9.484639188761218032e-02
9.537956450021554955e-02
9.795926316685354962e-02
1.054583228259957928e-01
1.132621313258881240e-01
1.129022498138950309e-01
1.134019687130593257e-01
1.114339302174779250e-01
1.100880615921977501e-01
1.099406014293398681e-01
1.114656215019284580e-01
1.110083522727583205e-01
1.071679005697840636e-01
9.609411592437051841e-02
8.602884072097503887e-02
7.725273366668827801e-02
7.264016506756496017e-02
6.678733302065323341e-02
6.244589736212415032e-02
5.993577679696660693e-02
5.538825588370286518e-02
5.249751553170539653e-02
5.095293574107824519e-02
5.042409892003566624e-02
5.001036060563790464e-02
4.959434086475803666e-02
4.892705064986042213e-02
4.798608656913968401e-02
4.741130765746921771e-02
4.562563190618764558e-02
4.353352057230194805e-02
3.918600831811908797e-02
3.968901420140925201e-02
3.895913072629867552e-02
3.604052669636567674e-02
3.442192488821945590e-02
3.238804939809035444e-02
3.222791704643138133e-02
3.156775223462243707e-02
2.914541793301109532e-02
2.906757912142480041e-02
2.700962431008405856e-02
2.578152486605097410e-02
2.450390441117399412e-02
2.439170364053488971e-02
2.522433780692265662e-02
2.577941643873338240e-02
2.496827741853724705e-02
2.351586293280820417e-02
2.183899284356203424e-02
1.977439918928282706e-02
1.838252359868806224e-02
1.764195742516836904e-02
1.779188282612065644e-02
1.607785035384599881e-02
1.461465585767779581e-02
1.333188867765634084e-02
1.174810295136980050e-02
1.111916448875674424e-02
9.876360115739448234e-03
8.901380074294929987e-03
8.600869713075623424e-03
7.979878399582709947e-03
7.451182140361305682e-03
7.049153706912007940e-03
6.942921407448844964e-03
6.936498813466033392e-03
6.973012449627571940e-03
7.397411837538881568e-03
7.741615300247313425e-03
7.466373629495732557e-03
6.878608968038474498e-03
6.507969070501803781e-03
6.330439490360768688e-03
6.173485998349848361e-03
6.158672944887809940e-03
6.154661526760498574e-03
6.065664269062656828e-03
6.148141620747644455e-03
6.077882335056893418e-03
6.215568045119379027e-03
6.316588744751371401e-03
6.401239398440644601e-03
6.485792740099876122e-03
6.461670169097094921e-03
6.627652055006410386e-03
6.625284128942040586e-03
7.004509110018023246e-03
7.250816670503607703e-03
7.407543101111093396e-03
7.458394043032239365e-03
7.732467969423310536e-03
8.175637766685058677e-03
8.273663418281297297e-03
8.741215285292605608e-03
9.110990187006675137e-03
9.364747524014409644e-03
9.588500318425676253e-03
9.887896997523385259e-03
1.038642652743158694e-02
1.071267051437327020e-02
1.096498979582592910e-02
1.121686576691950654e-02
1.147664563734209983e-02
1.173634982063021318e-02
1.202944284267071923e-02
1.198763110709575100e-02
1.201387291786390303e-02
1.195640475789986126e-02
1.197505623032469116e-02
1.172172057878047638e-02
1.155278689462653496e-02
1.110283769260515287e-02
1.157967745226163789e-02
1.155965279896842973e-02
1.117732464537886557e-02
1.095452334637245922e-02
1.067226439701002803e-02
1.019643019499731629e-02
1.029498565653489718e-02
1.169401908756168527e-02
1.423276020199953223e-02
1.528636836371846316e-02
1.446122722364397498e-02
