7.286411387323833422e-01
7.873849523182563370e-02
5.071530549375257574e-02
4.607517423773170584e-02
4.442689579476584438e-02
3.903249770880824754e-02
4.075564251239685576e-02
3.266931759481023212e-02
3.701932851089640569e-02
3.205883485820843620e-02
3.128002514086009045e-02
3.408012105484985177e-02
3.687898886501291690e-02
3.436366912039949539e-02
3.200518207227964762e-02
3.391468203700825912e-02
3.419379741530842454e-02
2.921244518668891094e-02
2.987334734211327322e-02
3.011578271315203462e-02
2.957717283409540959e-02
2.768202633284130854e-02
2.665746152629765858e-02
2.798851499409119384e-02
2.864285446969164553e-02
3.264587808193039620e-02
3.147170528343616602e-02
2.865783157964065311e-02
2.956624462895003982e-02
3.468023207085275256e-02
4.492289622777279057e-02
3.546163231971053570e-02
5.955547508058547934e-02
5.090955697871579755e-02
4.324878922620171984e-02
3.689857136431203694e-02
3.753799129733036144e-02
3.250459816905459931e-02
3.270949002232880626e-02
3.391473000981399394e-02
3.183683590241079969e-02
3.480852094793678020e-02
3.460001194511050371e-02
3.637347062734906655e-02
3.432857221572719469e-02
3.346277820702862199e-02
3.498737316226056826e-02
3.359222802601132679e-02
3.300397588758496176e-02
3.371452989694020963e-02
3.245468726197276582e-02
3.443574346372873379e-02
3.572846665974373920e-02
3.805675962393692546e-02
4.100081233336224512e-02
3.843925639858593313e-02
4.238776371439274132e-02
4.657303601560099093e-02
5.752687782835077396e-02
6.835718007178381850e-02
7.505743630796538057e-02
7.297349762704016807e-02
8.083065645165303514e-02
6.595001981496997900e-02
7.357068230189352243e-02
8.731917031790210892e-02
8.476087653391545240e-02
9.275166840617071751e-02
9.068018346561308729e-02
9.194182028351483016e-02
9.464312100138358441e-02
9.732533813713278859e-02
1.106693674280290196e-01
1.202622687150152747e-01
1.142929837143077942e-01
1.141094109759001329e-01
1.156639697455912330e-01
1.089136107111049467e-01
1.319073123072886933e-01
1.242603511282638074e-01
1.087122016835267574e-01
1.031858208144438988e-01
9.794943555600085783e-02
9.751432220802681849e-02
9.133802495603185467e-02
7.836799165860920680e-02
8.902235843430687801e-02
8.695874103388902265e-02
7.096533679004657369e-02
6.474888629965531994e-02
5.785852342892564004e-02
5.521748614961533019e-02
4.754333398430249380e-02
4.574557227868094461e-02
4.531438310621566101e-02
4.293598734371772280e-02
4.290169638218169212e-02
4.024341767649190771e-02
4.318458242301225630e-02
3.851501505339526010e-02
4.031891727815029025e-02
4.047109661248801671e-02
4.315695008691158852e-02
4.310512026760054960e-02
4.210242146590878476e-02
4.511330988827758764e-02
4.090550955749838041e-02
4.606547413641302879e-02
4.587114589496064238e-02
5.012373363716967484e-02
4.787823214110587672e-02
4.789919625721002910e-02
4.766493545226771489e-02
4.461287676802115632e-02
5.014750895968961980e-02
5.017671480381824534e-02
5.014606018095656842e-02
5.681547949761466682e-02
5.430738445754423188e-02
6.161203088399982986e-02
5.133914385946968667e-02
4.866891992515305632e-02
4.886970530625674852e-02
4.200279154296805706e-02
4.210181700855658571e-02
3.821715190261568140e-02
3.613305970871213274e-02
3.421844584289266550e-02
3.450507376257019171e-02
3.135179245823264960e-02
4.243314598861363390e-02
2.827394359362546752e-02
5.042037827868369598e-02
3.562887511504758686e-02
2.225971766850981526e-02
2.055404456076819625e-02
2.017654655247628354e-02
1.833488972961149280e-02
1.921731111277619197e-02
1.677467976340535349e-02
1.747847920171377231e-02
1.705974376961607794e-02
1.673512138780013092e-02
1.754768477126033427e-02
1.592648217984866596e-02
1.554217203314305074e-02
1.440984111580680821e-02
1.423711023149420822e-02
1.356139407366032008e-02
1.271359946167176756e-02
1.283786821763559585e-02
1.157677828971916643e-02
1.133893871346937192e-02
1.110587722867031890e-02
1.043713631678962195e-02
1.000572646941797622e-02
9.717745716618850921e-03
9.371535572224257843e-03
9.614623373420947902e-03
9.076637140838818285e-03
9.361135067941922516e-03
9.023809487168587412e-03
8.900615322053117423e-03
9.232251328066837931e-03
8.986064483619968929e-03
8.992531217832416823e-03
9.186418109472089394e-03
8.852412246855290157e-03
9.078584836751469114e-03
8.614927669367901039e-03
8.738294536583998337e-03
8.858533576866479964e-03
8.866813683135531948e-03
8.987810693748552252e-03
9.124293326051319958e-03
9.448714222083199471e-03
9.264354729661569698e-03
9.896501985331178017e-03
9.721583541077275653e-03
1.040894749614248473e-02
1.131853108191169244e-02
1.075474507440779548e-02
1.238867964846029207e-02
1.098795047762404081e-02
1.230503426438890081e-02
1.241832684240163319e-02
1.258793949434175961e-02
1.303676347019351416e-02
1.164410332528110006e-02
1.224418555760056065e-02
9.960910274304709058e-03
1.065441474850339909e-02
1.153026385728304383e-02
1.116996889712603205e-02
1.136469051558541138e-02
1.101209998802868580e-02
1.199241467856668186e-02
1.018297639203037327e-02
1.068747760621273704e-02
1.076568287411430909e-02
1.032322968686354321e-02
1.001829534451932104e-02
8.835545008360508670e-03
8.215563656224111888e-03
7.560130400653004672e-03
6.991009817151895914e-03
7.225548864367443112e-03
6.765998169154390646e-03
6.849087068679308131e-03
6.809240856239702662e-03
6.610316819998346763e-03
6.636327675265328054e-03
6.424067199030943087e-03
6.600981312003225895e-03
6.638236992933393976e-03
6.582022459178602999e-03
6.834829550816256052e-03
6.652667212897075098e-03
6.660985697410713724e-03
6.686574391987267982e-03
6.929383950910722456e-03
6.999462625521577809e-03
7.163855836198248020e-03
7.523373636902432569e-03
7.639659717992733877e-03
7.295301323899331530e-03
6.913169142573873972e-03
6.697905568700770161e-03
6.491612909499236243e-03
6.928280576378925693e-03
6.794705096103414999e-03
6.791836322320742025e-03
6.679263336393966889e-03
6.273605291138358887e-03
6.434563648924736777e-03
6.591828100669880515e-03
6.790186057803618801e-03
6.600703069729990310e-03
7.295781051956635489e-03
7.432426791798885796e-03
7.114731683130397742e-03
7.500788039964596289e-03
7.151392501269510614e-03
6.994521426531354578e-03
7.403384055209748932e-03
7.148974671860701402e-03
6.726334253376558929e-03
6.602113470218461989e-03
7.762143885583393070e-03
6.929460707399891402e-03
6.191504631411483446e-03
8.213855824340110870e-03
6.483889287776654561e-03
1.045572098172954829e-02
7.280372186756055297e-03
