8.713408135094892265e-05
7.783461296885765194e-05
2.485186055651578412e-04
2.065935022758963197e-03
7.852722962439882695e-04
1.117088952452482443e-02
3.160201529890396821e-02
4.331057877399959594e-02
7.069058699270297508e-02
1.042563884663563756e-01
1.284284675710875290e-01
8.914576947481235580e-02
1.616418579408445966e-01
1.692630144536241554e-01
9.054131938363108034e-02
1.538937055629720774e-01
1.076624640654907650e-01
1.388073039370064099e-01
1.056508728110896606e-01
1.434313192858078234e-01
1.543377067434857641e-01
1.087623683753288495e-01
1.652686506098601793e-01
1.291177422301788835e-01
1.799973617462334308e-01
1.496383753877356393e-01
1.880882382817709308e-01
1.917272849377691657e-01
1.495083765693110134e-01
1.906707297123163558e-01
1.496703423102990760e-01
1.811596984245325281e-01
1.459439678340252733e-01
1.646693192465268629e-01
1.521120339773719410e-01
1.212514575430151259e-01
1.399586943660640903e-01
1.131347168610399301e-01
1.234468586021559983e-01
1.040733536173151091e-01
1.099044109012732723e-01
1.040962632451522540e-01
8.696179901222444997e-02
9.716767495318266723e-02
8.323997740067937134e-02
9.012439321783398405e-02
7.894313866084162745e-02
8.404181437497894314e-02
8.299523670414442333e-02
7.089842042409648382e-02
7.940496382242100137e-02
6.639432946963912119e-02
7.414664723439111371e-02
6.383523201424239069e-02
6.890939975441440213e-02
6.701041924995267129e-02
5.826218654315609008e-02
6.492026686161535276e-02
5.623180261306616468e-02
6.287046060433157391e-02
5.491747774839726703e-02
5.930832830141020279e-02
5.814449014644525182e-02
4.898499813739692205e-02
5.623514460951598015e-02
4.618745650051560986e-02
5.258980143846736510e-02
4.391417239367471220e-02
4.949457994389682564e-02
4.715590894999434346e-02
4.057827871998641311e-02
4.513860239731673496e-02
3.809929230992289279e-02
4.218190423385442811e-02
3.665869810112840771e-02
3.960532184051011179e-02
3.959573176374107939e-02
3.246865794349125534e-02
3.833250554044252689e-02
3.104874536490069559e-02
3.721361481599100990e-02
2.989488476455402430e-02
3.564021257436478934e-02
3.270138682669931907e-02
2.986441931865644814e-02
3.051659297368175539e-02
2.856510922064613156e-02
2.794369161990534547e-02
2.653860006904874488e-02
2.591403421078276870e-02
2.610171879401508230e-02
2.768887649928981551e-02
2.235916711753491160e-02
2.676730886957079739e-02
2.213486587754811760e-02
2.618178140461715001e-02
2.125761602683750792e-02
2.625549906543768117e-02
2.516668630903449652e-02
2.440330651127334619e-02
2.844726751974182080e-02
2.644066504264984407e-02
3.041270047535057919e-02
2.458716475074427740e-02
3.085994678285177914e-02
2.810318718960444495e-02
2.842314702362577078e-02
3.244555457672949894e-02
2.967334430424316272e-02
3.471152503916574011e-02
2.775833190376855719e-02
3.582087412157937412e-02
3.194590189011672215e-02
3.345987471661364399e-02
3.777419839439895288e-02
3.406153094704247875e-02
3.860228699298548505e-02
3.094998694807213346e-02
3.854227636108230326e-02
3.339647365352949038e-02
3.444774949328621022e-02
3.835691664494551151e-02
3.341904423824852005e-02
3.897537972708574328e-02
3.054841459205172305e-02
3.836936437085279594e-02
3.310746361271731109e-02
3.380971877975866985e-02
3.758249372848063152e-02
3.225065321855483808e-02
3.854450435871551589e-02
3.091802002550869330e-02
3.935559236666603261e-02
3.561095799674612872e-02
3.575074063086443321e-02
4.256608852138957233e-02
3.744503596145784541e-02
4.676160180364744012e-02
3.825718953349381557e-02
4.955783570278751021e-02
4.696807906256855736e-02
4.318610151492682098e-02
5.271016174539182308e-02
4.353163488699889755e-02
5.262569157425450034e-02
4.126082095144698730e-02
5.093749901978683603e-02
4.495765024171520519e-02
4.191759590593217844e-02
5.012258466807492652e-02
4.135241102806434810e-02
5.112038856463462649e-02
4.115145532849509569e-02
5.186749429272711348e-02
4.753229524581325388e-02
4.581228107297562191e-02
5.537862482374044520e-02
4.588619247272078538e-02
5.885783686692150352e-02
4.687595620390846984e-02
5.973702410687838082e-02
5.852470278602554116e-02
4.892745767678272767e-02
6.301058228156797281e-02
4.912153564452773069e-02
6.401521547522076583e-02
4.902786287447061936e-02
6.626781795185775203e-02
6.093927100365061772e-02
5.748059528648002264e-02
5.776049959783473298e-02
5.801657402146033482e-02
5.653035429591622002e-02
5.658649014932686655e-02
5.267771047551681601e-02
4.986050433778588253e-02
5.117444172460552942e-02
3.686047719112733184e-02
4.405274415951410116e-02
3.163039805136180771e-02
3.787712219810699527e-02
2.717483869752348666e-02
3.252677962087932584e-02
2.591369516766467429e-02
2.295108796700125187e-02
2.264561011759578732e-02
1.711959477046267469e-02
1.722794326406026921e-02
1.141693795880098679e-02
1.189716831821992227e-02
9.046396911797378870e-03
7.120535131543665602e-03
6.473543992752127905e-03
4.711827516388556944e-03
4.653463665344702120e-03
3.874148841032991515e-03
3.593130530861670530e-03
3.112367389400014835e-03
3.107959828864752857e-03
2.743440042179237735e-03
2.589659770756634963e-03
2.505480208006245942e-03
2.300552860482141249e-03
2.305008855748560005e-03
2.237345536322614750e-03
2.162949789265884368e-03
2.037019488258398712e-03
2.041039570944406471e-03
1.930027167133192010e-03
1.911767273487106856e-03
1.874230356840644440e-03
1.842941520513400027e-03
1.801965737954810314e-03
1.716381568000876698e-03
1.726116948963378342e-03
1.618543411064291395e-03
1.716430002732033258e-03
1.543711751427150666e-03
1.700640280374940937e-03
1.503559359298225519e-03
1.655208502549932684e-03
1.495083281345798570e-03
1.594326045485928685e-03
1.505932661124905012e-03
1.580134669257008285e-03
1.541822796912038513e-03
1.500362667041881459e-03
1.586576488500852748e-03
1.480116949418370381e-03
1.597086825161862182e-03
1.432118130842055309e-03
1.694731243173820375e-03
1.475321911033854400e-03
1.678844651354414281e-03
1.591080918498428065e-03
1.743408147986329464e-03
1.764961603351072016e-03
1.903145891341209575e-03
1.957925572279466120e-03
2.027235672564740073e-03
2.270038979853403974e-03
2.237975187827651990e-03
2.578810390977528521e-03
2.494776132420609832e-03
3.150824565938454939e-03
2.779088004310587782e-03
3.909360890583930999e-03
3.021164790631900889e-03
5.102066145318292709e-03
3.127769633907854022e-03
7.222732414284355890e-03
2.691227401992288010e-03
1.053479620024354996e-02
8.279723552317574606e-03
2.254878909001349109e-03
