1.017260045608004218e-04
2.198228944709604247e-05
2.893219360484303393e-05
3.665430933567302821e-05
6.100471427355694124e-05
1.064107547708372940e-04
1.078058836795405765e-03
4.974586953800681256e-03
4.549922069376570108e-03
3.513305253669951611e-02
7.774693042802637011e-02
1.037751966719050178e-01
1.240988786215618533e-01
1.513589767668225006e-01
1.365882682392055014e-01
5.577951892390504984e-02
1.389632306726080457e-01
8.958308053561334083e-02
1.123071564198129119e-01
1.088577388036226917e-01
1.120098549641759533e-01
1.031999505307297227e-01
9.374293279903993248e-02
1.231030345769140166e-01
8.978792252556648534e-02
1.039016849275760102e-01
1.430226954315338417e-01
1.469887740708881174e-01
1.556402206895377283e-01
1.566742634666674072e-01
1.714742130725184777e-01
1.410443408620667416e-01
1.277751205171523130e-01
1.723276613030897964e-01
1.493124101750664123e-01
1.451978609905940076e-01
1.583670027156368620e-01
1.558509314874463036e-01
1.421953479521327057e-01
1.206973381229027864e-01
1.429773408718080785e-01
1.239672422887369702e-01
1.162121788641221065e-01
1.264351789955386884e-01
1.252229097873414632e-01
1.146688882949299659e-01
1.040406830107309527e-01
1.162159369604444381e-01
1.046152599018762425e-01
9.348861778763792318e-02
9.985678922699571525e-02
9.956087775219031599e-02
8.756487984897515231e-02
8.269747586151839081e-02
8.805492531325362360e-02
8.129956699115201135e-02
7.412113968854398827e-02
7.686691811934097396e-02
7.627952251608251244e-02
7.041246490688403414e-02
6.659403312030322264e-02
7.308030144957118612e-02
6.761247722365662516e-02
6.303907992245832981e-02
6.608936711690771570e-02
6.601219744037095660e-02
6.230619965883102407e-02
5.823309249544744021e-02
6.258671838294629919e-02
6.046802723026425269e-02
5.453461090655217780e-02
5.918306717265414685e-02
5.789440049949323014e-02
5.545498414012404315e-02
5.297263281729142764e-02
5.583506667639549087e-02
5.557812614564500847e-02
4.780128635466920212e-02
5.126079420208103782e-02
5.119561954531283432e-02
4.703762058966165505e-02
4.650417683497591603e-02
4.632672261548144432e-02
4.703628208960164425e-02
4.015814212737982974e-02
4.145164799306539499e-02
4.516433827490537456e-02
4.011407458694255662e-02
3.983056997807801758e-02
4.434378625734737567e-02
4.248656594331122471e-02
4.213479783138614904e-02
4.090044337219874565e-02
4.234622936009627830e-02
4.173299040952530015e-02
4.043062985113504704e-02
4.349739089247687401e-02
4.555461400394152788e-02
4.297398588824121596e-02
3.952796600297256435e-02
4.556645458139546578e-02
4.032632980799730898e-02
4.328606232530982784e-02
4.478054912308312291e-02
4.528778916505557528e-02
4.368256722770217509e-02
3.855230242076795877e-02
4.241526507472989649e-02
3.987695415323454229e-02
3.869840485039526684e-02
4.200172003695817891e-02
4.089617046816101942e-02
4.048555983436702421e-02
3.672756647357283688e-02
4.044628000568286502e-02
3.879122468147984393e-02
3.739321284957038138e-02
4.048463318047931803e-02
4.031515848057336954e-02
3.935231361048194959e-02
3.661806687250966641e-02
3.962984644984798160e-02
3.860115767295834582e-02
3.654877375401835438e-02
3.957877752448142605e-02
3.943792613355108501e-02
4.001883515959565180e-02
3.765952288074093934e-02
4.053683468281973207e-02
4.011716343323489670e-02
3.744747358277234622e-02
4.178483154646493725e-02
4.187188553113715961e-02
4.397302174072446196e-02
4.278474257206434095e-02
4.570874743392889378e-02
4.645949152528017906e-02
4.179646620083272285e-02
4.719798319300522182e-02
4.461859061582185149e-02
4.890935848127176550e-02
4.398614933746686911e-02
4.686186523562795719e-02
4.852438527170411381e-02
4.344776342871340541e-02
4.919322345553707454e-02
4.627730107480413496e-02
4.983802011906137558e-02
4.288013644172586347e-02
4.630401959523280236e-02
4.778656285400908338e-02
4.029024178714855908e-02
4.841725378613173647e-02
4.165149634817927327e-02
4.950046070008103094e-02
4.186776706941405107e-02
4.441858781839334858e-02
4.754681690095258206e-02
4.088880871783096005e-02
4.758619969117981741e-02
3.949198094366689754e-02
4.999225651059181763e-02
3.954155692665882460e-02
4.392437241162023415e-02
5.050850568758357556e-02
4.564866937354303267e-02
5.235249544333424321e-02
4.611034893270359036e-02
5.835937482803228021e-02
4.392946900800258347e-02
4.883460840099732719e-02
6.066535302757272707e-02
5.345778760827370191e-02
5.414114336968062213e-02
5.897384931712019301e-02
5.217720341624440539e-02
5.593802821947321813e-02
4.192609478356758290e-02
3.827801287000887759e-02
5.136391018747338277e-02
3.920023941135614143e-02
4.312137533715699328e-02
4.580836272685659405e-02
4.196594090073867134e-02
3.552271049647720558e-02
2.936663983585953430e-02
3.234320656546526424e-02
2.056698007594952304e-02
1.893812846445978165e-02
2.028265177474036091e-02
1.609170512530430988e-02
1.359638064804390666e-02
1.198019330635272627e-02
1.087160637203477345e-02
8.630236540775599111e-03
7.111244895749800794e-03
6.700376858098105667e-03
5.374129221713824442e-03
4.921407316801031627e-03
4.616023380032474588e-03
4.206957169384640746e-03
4.240780036285676270e-03
3.968498235616610414e-03
3.884378654922102624e-03
3.818174382723119823e-03
3.518401850052299811e-03
3.653075548397974586e-03
3.549290312975619897e-03
3.456110116490271507e-03
3.434436711672408417e-03
3.203596932092130437e-03
3.359738112169513395e-03
3.073505022413414688e-03
3.076439426391130126e-03
3.176826930891919754e-03
3.086169292211975689e-03
3.026709001084584502e-03
2.869744128662580617e-03
3.000762692228996047e-03
2.856359128062475276e-03
2.871391513351824205e-03
2.933013996883847545e-03
2.939809458726978103e-03
2.895793399061246959e-03
2.761840431517116091e-03
2.936772093206184778e-03
2.764517431637136813e-03
2.809048299018256957e-03
2.943104228105465712e-03
2.977905229665739426e-03
3.019913539241454378e-03
2.864750493823310477e-03
3.086169292211975689e-03
3.061458521873319707e-03
3.092861792512028359e-03
3.352891169554843460e-03
3.499868772298307933e-03
3.639433143940175395e-03
3.746307225654862353e-03
4.007726583529226325e-03
3.995628602217593701e-03
4.154189378557302664e-03
4.278927287995976103e-03
4.318413039766287598e-03
4.110482203520804748e-03
4.087212894785237013e-03
4.155836763246546252e-03
3.888394155102134573e-03
4.330459540306381278e-03
4.403407793576955692e-03
4.416483909547827373e-03
6.280499685427111053e-03
5.031576167894206628e-03
1.587646401950030747e-02
7.696375345060559210e-03
