4.740874559225618595e-05
2.630113323309087161e-05
5.774814035961256048e-05
2.064067195031696518e-04
1.141859887556200470e-03
5.067732845419465476e-03
7.072574843696212595e-03
3.991230321007886023e-02
8.859341376946630597e-02
1.232700761748622698e-01
1.609160507577093169e-01
1.775353652012515715e-01
1.406265847006190062e-01
8.963140323954399413e-02
1.503921668818773427e-01
1.591247625260099330e-01
1.539584480779468967e-01
1.448800782963640121e-01
1.417440493341619034e-01
1.475247239487240125e-01
1.778683223009487335e-01
2.020333937514803835e-01
2.068424987867744369e-01
1.964962905012073435e-01
1.758626703040035988e-01
1.662475096401671015e-01
1.699962787715314505e-01
1.749953523180580173e-01
1.733014545144898888e-01
1.628023470685151519e-01
1.463070577152006946e-01
1.251347407565235326e-01
1.142116228311262222e-01
1.122902583426762385e-01
1.165942577377456768e-01
1.154526837320724586e-01
1.111540684457989064e-01
1.037120865623270688e-01
8.821057028119115573e-02
8.175116442948163198e-02
8.043620306178807244e-02
8.652372423073623198e-02
8.616499011459141655e-02
8.486927812701773599e-02
7.958903974859177222e-02
6.905462589007047014e-02
6.513804409340367974e-02
6.484401457677070602e-02
6.958226855206910144e-02
7.135197270160437144e-02
7.012482471896260006e-02
6.634217858446649074e-02
5.923024733488163607e-02
5.579470945328963288e-02
5.468186657685472629e-02
5.653828823089038225e-02
5.722407122115102940e-02
5.666016920699589593e-02
5.303752163300110012e-02
4.788121305084192675e-02
4.448179158046493276e-02
4.385666319637408078e-02
4.642836132159663259e-02
4.646566890732400229e-02
4.748259841202301379e-02
4.482870924544706676e-02
4.107427012340383182e-02
3.882814381590177916e-02
3.821640423332994113e-02
3.925892016655462696e-02
3.973105409627690487e-02
4.184977237793605781e-02
4.034603367352238706e-02
3.801909808710126487e-02
3.674782900052137730e-02
3.593825915493541884e-02
3.646909416462720821e-02
3.584306048790695393e-02
3.810672088423107395e-02
3.729610280507423409e-02
3.510505640702408364e-02
3.439949991985812722e-02
3.313537788035244430e-02
3.234272271284211603e-02
3.136595961270016025e-02
3.252940358242047136e-02
3.263546576100173624e-02
3.112791529814848759e-02
2.873675158202046789e-02
2.806702562418654512e-02
2.757578525528588120e-02
2.775036379181857610e-02
2.724211345088128899e-02
2.922789665696014574e-02
3.060370321874547259e-02
3.053294745271079372e-02
3.145015182723434610e-02
3.176886247976359184e-02
3.108894006810379931e-02
3.027227082242412576e-02
3.260330404916780139e-02
3.463911658476611505e-02
3.522722326501256940e-02
3.559253266446566616e-02
3.503315711345753036e-02
3.436257350997470872e-02
3.321928421300366502e-02
3.614795351609272761e-02
3.886783375065389068e-02
4.176167311100130453e-02
4.240495499466065410e-02
4.109085127261600384e-02
3.834514637462670128e-02
3.695423572002454887e-02
3.971261471482544214e-02
4.007763823239556683e-02
4.138869254768855893e-02
4.063096261688086547e-02
3.894773773694355096e-02
3.584420401543882140e-02
3.474351111903006828e-02
3.753467123641134745e-02
3.687942996064782347e-02
3.797369051468978823e-02
3.763082284304970770e-02
3.528344670199634603e-02
3.268825861538990352e-02
3.158670807333224112e-02
3.532947368515425984e-02
3.530884254260004129e-02
3.655857519399630801e-02
3.711947544838026941e-02
3.578612234621574711e-02
3.301764219154996322e-02
3.238527146642391358e-02
3.778062494972513757e-02
3.895650478135458117e-02
4.172584258166926741e-02
4.421034673258646130e-02
4.356858955230293734e-02
3.930170715503889661e-02
3.968078653185496546e-02
4.985008157884515678e-02
5.049236287591411104e-02
5.091970864397134949e-02
5.065131320284452926e-02
4.564199555551159970e-02
3.877930566089467929e-02
3.951316445447451003e-02
4.771340038553948532e-02
4.638242963239970484e-02
4.765569989216036917e-02
4.843072567688765095e-02
4.472636353134438331e-02
3.703852322851972079e-02
3.705124497231181840e-02
4.766394281978595521e-02
4.951579036369413434e-02
5.089102516171351703e-02
4.947062102618512286e-02
4.413568391415121500e-02
3.554936450013743837e-02
3.368784461918883366e-02
4.764307344232927149e-02
5.098450853744417727e-02
5.237861153973947387e-02
5.257501239333876170e-02
4.734065805712921876e-02
3.949682154016481012e-02
4.284244956956325540e-02
6.182238601473641348e-02
6.537489723344297454e-02
6.676185318866406648e-02
6.410715402341969626e-02
5.716475073043508770e-02
4.346633913216125383e-02
3.658054045200438004e-02
4.482180043327532032e-02
5.494473496824414660e-02
5.209072848359031643e-02
4.610912655228193574e-02
3.638004195808255958e-02
2.334659161959316831e-02
1.963341478265837742e-02
2.202719908271360411e-02
1.962784008594049140e-02
1.545015283616258013e-02
1.177609417021396356e-02
8.930854729971170539e-03
6.460978202065860605e-03
5.795206943613000032e-03
5.269756042717119345e-03
4.854893783549507277e-03
4.078438589407390284e-03
3.370976223021641006e-03
3.100341373811575825e-03
2.955732788010070802e-03
3.051312630882499054e-03
3.061413790747381878e-03
2.906799339041983132e-03
2.799641279909336009e-03
2.605432187412817010e-03
2.576272235350042083e-03
2.494795898704054056e-03
2.625968036006045593e-03
2.665753264719144915e-03
2.537678181149311072e-03
2.486267089195497680e-03
2.278192725375012290e-03
2.240503963803681421e-03
2.223255756864589167e-03
2.308353264028176460e-03
2.285482713390706022e-03
2.204054023725212762e-03
2.064019548051201913e-03
1.938136225584125624e-03
1.877148090550871196e-03
1.848512255273538924e-03
1.928225653641221869e-03
1.972775580403793999e-03
1.926843891206874706e-03
1.821877593176984920e-03
1.688513694772236047e-03
1.655017867484440781e-03
1.610182058838900048e-03
1.752455942596163434e-03
1.813396430648922877e-03
1.801722920427714257e-03
1.751550649966763509e-03
1.568681538827990411e-03
1.498688124481232370e-03
1.448372913078797538e-03
1.623523213377424433e-03
1.743927133087606841e-03
1.754504762757436685e-03
1.681557235620005251e-03
1.642010241809379548e-03
1.526037491285207447e-03
1.365467167017967798e-03
1.555006855426003089e-03
1.714100123297905825e-03
1.791955289426294369e-03
1.822306416001437390e-03
1.823545237494300251e-03
1.681604882600500018e-03
1.503786351394168549e-03
1.809965848053302247e-03
2.171129960203354702e-03
2.481407097185034903e-03
2.932576355489632195e-03
3.586149986935841059e-03
4.914071333323962072e-03
7.548568178838563174e-03
1.183550995489089132e-02
1.868037987880278791e-02
