4.753293518520494698e-02
6.411182856509574368e-02
7.319248676593977099e-02
5.119279046087187035e-02
4.751205041435889453e-02
2.394258243906392108e-02
4.543401571517637766e-02
4.435423289941445996e-02
5.909386073912234472e-02
6.489922458901288549e-02
5.138918763286650510e-02
6.328085566354788027e-02
3.968327357365244307e-02
6.166369162870860565e-02
5.149260741157533211e-02
6.111084764660101171e-02
5.795463665249088459e-02
5.705659150611049751e-02
5.666038330534831774e-02
5.639972529998119738e-02
5.364032495194612921e-02
5.479983136411078343e-02
6.585128899844701345e-02
5.958826752588185227e-02
6.727808031442031322e-02
6.203961750393760521e-02
6.757267607241226881e-02
5.638727476351528684e-02
5.719414985254846207e-02
6.796968753359160231e-02
5.832393562927834507e-02
6.494802265935510632e-02
5.879344134310601072e-02
6.738170090823342173e-02
5.597439890909710475e-02
5.927519677829530542e-02
6.920851591195040231e-02
6.087047196676707850e-02
6.670073688958944036e-02
5.981900408070989911e-02
6.970713981589997388e-02
5.863299007477910246e-02
6.232276680098507854e-02
7.120461804858302379e-02
6.214906173577509907e-02
6.894745627637471896e-02
6.184342114704725196e-02
7.237436603106640887e-02
6.194061565752313064e-02
6.589707484222490086e-02
7.443874530315726379e-02
6.461346469560964867e-02
7.301295806270541311e-02
6.403090007806727657e-02
7.621615979121915130e-02
6.593984845943845485e-02
7.003005050359668859e-02
7.719312527358511422e-02
6.689392101991545325e-02
7.604446287705207697e-02
6.674772762399307224e-02
7.821667986014610441e-02
6.890990385187267808e-02
7.116184443136945592e-02
7.700476070576202370e-02
6.722807735345234792e-02
7.625672444228552560e-02
6.785622699966831206e-02
7.789497406307514804e-02
6.932016910993510361e-02
7.071663734516075994e-02
7.570809757736798873e-02
6.577839311559009750e-02
7.543960778293361258e-02
6.572577955826637564e-02
7.576131358000458282e-02
6.773433223136490766e-02
6.567959208427991136e-02
7.512352480878273231e-02
6.693769871265045635e-02
6.203640446226897642e-02
7.446786349327917665e-02
5.935994075230526662e-02
7.356258900314438520e-02
5.910088926777246066e-02
6.250510691567949528e-02
6.867735996110602148e-02
5.861351100966307598e-02
6.455824054193017025e-02
6.247297649899324901e-02
6.342383601780164637e-02
6.125583615189766212e-02
5.854422979868336568e-02
5.926535683818514449e-02
5.903562435887853288e-02
5.939729236170301213e-02
5.939387850493010185e-02
6.051984879467849771e-02
5.906956211150338198e-02
5.458194697595722400e-02
5.717728138378818520e-02
5.687264487058178025e-02
5.653125919329049509e-02
5.692847146957412396e-02
5.646017064637218891e-02
5.761907461322397089e-02
5.154522096889905397e-02
5.485626040841599244e-02
5.643004838072884083e-02
5.453796846811793247e-02
5.682585495128244374e-02
5.468496512445748109e-02
5.782772150658023469e-02
5.060580791103513887e-02
5.460082359576039213e-02
5.780241880343982286e-02
5.483798623392568961e-02
5.850366514761699138e-02
5.461488065306061707e-02
5.970253132022228931e-02
5.049756856982336867e-02
5.536030632018136555e-02
6.020677804709195086e-02
5.678609356063322317e-02
6.131367090193289016e-02
5.579788243242708029e-02
6.214946336598368287e-02
4.957502398071973043e-02
5.610834258365787058e-02
6.260712098865831021e-02
5.877295820246853514e-02
6.382124910918955674e-02
5.671902131580069950e-02
6.411805383332869201e-02
4.888080616519267091e-02
5.631960007336989094e-02
6.477953878685664690e-02
6.103514035228405077e-02
6.559464729516566173e-02
5.866431723104818807e-02
6.680977949121838511e-02
4.953867644684342014e-02
5.880026905665183823e-02
6.731583355402663560e-02
6.434738468242671983e-02
6.837995279165401397e-02
6.034011927633984446e-02
6.884584383360449478e-02
5.049054004117325273e-02
5.753412982410972820e-02
6.924948219322535348e-02
6.290111430133737969e-02
6.911674340929034599e-02
6.021661798720211872e-02
6.694512887150914915e-02
5.306037093075951366e-02
5.629570307595949813e-02
6.668808553801924832e-02
6.383149067950830147e-02
6.574505780827812063e-02
6.282440293149900434e-02
6.398069630199502977e-02
4.908142045437737661e-02
5.523037894770638223e-02
6.052868465926721647e-02
5.588985575019143892e-02
5.943343908047503399e-02
5.468978468696041040e-02
5.627100281813195159e-02
4.488840107682318115e-02
4.814763021943355148e-02
5.371944610303599349e-02
4.996038816585030712e-02
5.137733954171345291e-02
5.230771591988436775e-02
4.632262255165517373e-02
4.875087879271769453e-02
4.263866946347358300e-02
4.181894220776589954e-02
4.866673726402060557e-02
4.625655438234409916e-02
4.911756717314939846e-02
4.764699816444108865e-02
4.949028000670977617e-02
4.496471081645299350e-02
4.721464324490688702e-02
4.880088175368565290e-02
8.520303733836023796e-02
5.256275110233138426e-02
9.382724280715537546e-02
9.913840068539070405e-02
7.021118572766535393e-02
5.354594185293030245e-02
1.134468784961901039e-01
7.734152763565467492e-02
8.569423108345110285e-02
6.323527063487427435e-02
5.840004455380386900e-02
6.907075675040816320e-02
6.288043034559562261e-02
7.129900114759883667e-02
7.260630747652019323e-02
7.188718858806129874e-02
6.597659762352334201e-02
6.562999075352052292e-02
8.110098720304893816e-02
6.144620887076363003e-02
5.072288311683562090e-02
9.091241156840063065e-02
7.598763220253827722e-02
6.752207066613144515e-02
6.819399800508241238e-02
7.040256252205277787e-02
6.524783961005857502e-02
6.458976851330353042e-02
7.627961736417447625e-02
7.604426206194776772e-02
9.347621800485821086e-02
7.848135416759900729e-02
6.187434667310776765e-02
9.443551175804673625e-02
7.371561011261260066e-02
8.616755228426026259e-02
7.378328480275798962e-02
8.919765139287690048e-02
7.127128866320694978e-02
7.490865264719351324e-02
1.080688491882265539e-01
7.607217536144393610e-02
7.278021335683446114e-02
8.759273707939925491e-02
8.835262143402881907e-02
7.569946252788356533e-02
6.839200169791136152e-02
9.112808699040700344e-02
4.788998444063077842e-02
5.053853485109832677e-02
6.913220617232058995e-02
5.162394048978033445e-02
5.726945551665683226e-02
5.350577883207250501e-02
4.764057208110385189e-02
3.311963188996666640e-02
1.620577891612183866e-02
2.619954339616792707e-02
1.086831425922465955e-02
1.405484833408241971e-02
9.346939029131237642e-03
7.239786139826821787e-03
4.530790382968288843e-03
2.452554868681487438e-03
1.529608649369269520e-03
9.362000161952912982e-04
6.307602425717309972e-04
4.295435080741588120e-04
