1.369467670376645352e-01
1.851033697031293224e-01
8.212512125396067564e-01
4.698002565426973032e-01
5.532251735641366408e-02
6.489215347294034764e-02
6.672000454426339766e-02
3.951849071887063997e-02
3.144823558912383105e-02
3.511373520153305422e-02
3.407296641210331295e-02
2.986730340894013652e-02
2.550083164628379195e-02
2.424737847711233921e-02
2.249756736725488579e-02
1.990743916869883515e-02
1.636644670816344779e-02
1.393435226321390781e-02
1.253430516062175627e-02
1.232244195609139698e-02
1.104970532764633015e-02
1.079315886506345898e-02
1.217375261006240807e-02
1.247535044372357141e-02
1.081765253947120607e-02
1.208580191328730707e-02
1.678431162519826089e-02
2.115687141097329430e-02
1.789714561852131028e-02
1.508654603390894439e-02
1.957523132112463579e-02
2.364098305810436937e-02
2.309897910222150769e-02
1.685295054631314599e-02
1.039958940773019931e-02
1.014655417708554969e-02
1.464127085464673149e-02
1.531919346620263904e-02
1.535810018138904741e-02
1.433989955207835496e-02
9.407298272157180175e-03
6.670038128835060337e-03
8.283760684699877780e-03
9.899946766198769108e-03
1.550324997909321989e-02
1.378914583273654036e-02
1.385421688914000894e-02
6.531174568955766882e-03
1.220501390086720789e-02
1.111647536724571367e-02
1.048855949442284788e-02
1.130078672761567968e-02
1.918024604446144990e-02
1.679674251891502545e-02
1.153955049941466152e-02
5.093891417986520093e-03
6.018109960176622024e-03
9.103803240593911703e-03
1.198442924926449576e-02
1.554099572242908893e-02
2.499663006650999775e-02
1.668384508554660375e-02
1.153510482671868918e-02
9.731435949550792247e-03
6.155274536860003143e-03
8.555881159911951292e-03
1.221891724668709538e-02
1.615792483725171647e-02
1.552947095308347680e-02
1.048955056795379537e-02
1.049054164148474459e-02
1.054094480963016500e-02
5.807634258589593201e-03
6.859644653498957016e-03
1.005109963786183537e-02
1.504271226745438825e-02
1.506375134269711050e-02
1.125120473468161839e-02
1.072797454311359526e-02
7.650747862289272380e-03
6.755468667202888140e-03
9.593818310681834910e-03
1.062708325766295939e-02
1.243097866592364313e-02
1.852981864429273720e-02
1.728644610875036333e-02
1.665207409978302841e-02
1.502691172373239563e-02
6.298555453048671447e-03
1.377249579741659201e-02
1.468023420260633830e-02
1.892825852012094273e-02
1.780404133938527644e-02
1.681797980886393790e-02
1.629197461140925729e-02
1.366579965271325081e-02
8.294889024633107788e-03
1.377982974154561523e-02
1.655545858870877129e-02
1.980360297904194822e-02
2.019502039099371760e-02
2.011253475683213998e-02
1.953960930678365696e-02
1.596950760082496007e-02
1.164497240672106651e-02
2.070950081910279128e-02
2.169997970593350034e-02
2.381722424829375157e-02
2.821606164083224205e-02
2.248442856387315725e-02
1.903005592994273451e-02
6.279781688733832024e-03
1.820214141857430523e-02
1.882382768634548870e-02
1.808618581545323734e-02
1.805911534986502295e-02
1.042708461911739243e-02
8.068782677643679055e-03
5.178557413916187215e-03
5.030349446459371140e-03
6.883062305215958965e-03
7.774858584750720877e-03
8.351833278082794118e-03
9.241562461395862529e-03
8.695962324414982514e-03
7.578201279823784491e-03
4.754972586788463844e-03
5.386767804575332344e-03
7.571518612586526815e-03
8.212375074084931822e-03
8.942456469755369688e-03
1.005715934459392412e-02
8.788500275819047594e-03
7.446445132980727445e-03
3.635682457320943591e-03
7.255337839827107754e-03
7.535018790260994762e-03
8.223786577884147075e-03
1.029408255126399926e-02
9.170516647420098519e-03
8.038852257009010405e-03
4.464616358606923047e-03
6.130582647746066725e-03
8.342177390252688771e-03
1.038656386989486591e-02
1.207090749393647036e-02
1.211661014190652981e-02
9.301310037118804691e-03
6.915909313670277718e-03
5.841585606121256317e-03
4.250034780963103838e-03
3.337510906438202404e-03
2.976505293693277113e-03
2.733692278610702891e-03
2.089324585174078507e-03
1.478738340949525398e-03
1.031112901599632670e-03
7.502426629286062468e-04
6.339755795549562728e-04
6.031956673223313461e-04
5.768614277856789693e-04
5.334807235166990486e-04
5.255804516557033897e-04
4.965561553921886938e-04
5.118753205420046833e-04
5.043431617067901896e-04
4.917706860570336550e-04
4.678716557678566494e-04
4.836155667166509397e-04
4.671071133296957512e-04
4.650966498811986267e-04
4.654647629069798460e-04
4.635392486182783709e-04
4.598581183604667191e-04
4.445672695972492433e-04
4.625764914739276062e-04
4.652948645873884932e-04
4.784619843557146816e-04
4.653798137471841425e-04
4.617269998759710586e-04
4.542797902005522143e-04
4.472856427107100761e-04
4.440292582518767252e-04
4.422736422827666029e-04
4.567433158346261533e-04
4.462096200199652026e-04
4.566583666748304498e-04
4.579326040717652440e-04
4.481068179220681100e-04
4.451335973292202750e-04
4.383659809321665711e-04
4.432647158137159355e-04
4.196488493905244457e-04
4.367236305094506117e-04
4.499473830509739358e-04
4.548744343191217596e-04
4.490412586798203068e-04
4.425568061487521188e-04
4.424152242157593337e-04
4.729686053555957718e-04
4.688344129122073599e-04
4.583290334841449770e-04
4.634259830718841537e-04
4.541098918809609157e-04
4.529489200304203387e-04
4.599430675202623685e-04
4.635958813914753981e-04
4.665974183709218010e-04
4.744976902319175682e-04
4.880895557992220033e-04
4.940359969849176733e-04
4.945740083302901371e-04
4.929882906807712050e-04
4.992178957324524451e-04
5.048811730521626535e-04
5.111107781038438935e-04
5.140556823100932149e-04
5.281572428361715459e-04
5.363123621765540985e-04
5.572664882594818370e-04
5.807974055228776232e-04
5.840254735951124062e-04
5.878198693993182209e-04
6.053193963172227420e-04
6.136444139771967017e-04
6.247727539104272520e-04
6.153150807865112289e-04
6.442261115036316535e-04
6.488699989057940699e-04
6.809241485353536823e-04
7.225209204486249129e-04
7.241066380981437366e-04
7.623054436195888855e-04
7.839391629808818186e-04
8.108114138629066592e-04
8.374288172655444977e-04
8.683503114311621552e-04
9.279563052211118029e-04
9.929707288513847652e-04
1.147408301359881212e-03
1.318410960028530308e-03
1.587869694900340611e-03
1.997607808981372544e-03
2.624362709953698136e-03
3.879203382068481792e-03
6.004603043769114051e-03
1.232787870231832027e-02
2.976533610079875811e-02
5.613559408120445682e-02
5.635872720760103788e-02
1.563061708601350130e-02
4.118590114372630388e-03
1.508244015785215313e-03
5.803726597238994308e-04
2.082387070457433450e-04
