7.661753325417296479e-01
4.682549899734845811e-01
3.722427990855409763e-01
1.414782627842520735e-01
1.021613917953954342e-01
6.179439307719482299e-02
4.870442737549916107e-02
4.155566205793775891e-02
3.613739884983309392e-02
3.277314340301237805e-02
3.298886224998824612e-02
3.066958898340598969e-02
2.914690066362995297e-02
2.956354490390332782e-02
2.823302624467267929e-02
2.653323144439400164e-02
2.725620184190038348e-02
2.551974500424493419e-02
2.145218843633729666e-02
2.433460885542689314e-02
2.361819488339366238e-02
2.333095705348755058e-02
2.570986059478449354e-02
2.034170424591294143e-02
2.288846057859535155e-02
1.934390343126293418e-02
1.937199646952448076e-02
1.938400966683130264e-02
1.495759254517792583e-02
1.502369625263825885e-02
1.367962903064188704e-02
1.023528560177570067e-02
1.236921535965011983e-02
9.943545416402268383e-03
1.145610862342229599e-02
1.070124827037086113e-02
9.854556464331530249e-03
1.067898547121676894e-02
8.041289857367175595e-03
1.001253312114351417e-02
9.017242836500630881e-03
8.437870605765425761e-03
9.237007578942520863e-03
5.787788327335223471e-03
6.186485390284933092e-03
4.052244409682360070e-03
4.849804521036798002e-03
3.312011524854256098e-03
3.588190573819888957e-03
3.085316889665427539e-03
3.097143353335355450e-03
2.872648025425495258e-03
2.533062532643547311e-03
2.735212068671806409e-03
2.313774998384830750e-03
2.341681303009485095e-03
1.926281953648735674e-03
1.897006269020194702e-03
1.481648416023199737e-03
1.483412011482750223e-03
1.137788797774575604e-03
1.108720594964805392e-03
8.960309825429960996e-04
9.380667990259329700e-04
7.359795075433046884e-04
7.611055557964324083e-04
6.381725781748129323e-04
6.804573728402746931e-04
5.736872289008901294e-04
5.934602462297345997e-04
5.506359988354691442e-04
5.241198223965782199e-04
5.261531442205307158e-04
5.059029187085136922e-04
4.869390804728748723e-04
4.988485368703110979e-04
4.612735794909435662e-04
4.880594822942365004e-04
4.290516530358592299e-04
4.798432022709181476e-04
4.411063467064348575e-04
4.453389758093564250e-04
4.439073512598388734e-04
4.251717430248478247e-04
4.516049267362305425e-04
4.089674129788588362e-04
4.385128239718016018e-04
4.317074203161237354e-04
4.008133775011716248e-04
4.321431321355421584e-04
3.806046483529087858e-04
4.428076976203543648e-04
3.891528992862602356e-04
4.596344731226553086e-04
4.471648158145383233e-04
4.350686257802085111e-04
4.778513768107197279e-04
4.483889585452852772e-04
4.732037840702568027e-04
4.151711193601017040e-04
4.381186085161372550e-04
4.367907248760050294e-04
3.909994874733191449e-04
4.272673093944314620e-04
3.798577138053344394e-04
4.324128584999440057e-04
4.060419193341924292e-04
4.916281695770918737e-04
5.982945726070910573e-04
4.288234230352114588e-04
7.044007747264094269e-04
4.135735093555675769e-04
3.775131692532259116e-04
3.435068991567138074e-04
3.673258119515862585e-04
3.400419527832437058e-04
3.485902037165951014e-04
3.571592028318236163e-04
3.317426800324170923e-04
3.700438237774819053e-04
3.280080072945451434e-04
3.727203392396235301e-04
3.218250490951792865e-04
3.748988983367155365e-04
3.060356826867316558e-04
3.755835883386586874e-04
2.910554953714895670e-04
3.584455901082017658e-04
2.907442726433335893e-04
3.413905846052530508e-04
2.769674798769613893e-04
3.430296909735413083e-04
2.813868426167765433e-04
3.346889218589605645e-04
2.791252907921763305e-04
3.199784609081203230e-04
2.715107080432928679e-04
3.214515818213921133e-04
2.729215844109334085e-04
3.144594445288206603e-04
2.851007671727714813e-04
3.082972345113318686e-04
2.782538671533395388e-04
2.970309717520847720e-04
2.760130635106163369e-04
2.909517544621042411e-04
2.831089417125731158e-04
2.850385226271402858e-04
2.767392498763136723e-04
2.781293780620770935e-04
2.714484634976617266e-04
2.750793953261483496e-04
2.652447571164188046e-04
2.688134443992742321e-04
2.724858725915150397e-04
2.675893016685273323e-04
2.649127862063857075e-04
2.600784598290292499e-04
2.702243207669147726e-04
2.569247361837150717e-04
2.707015289500873259e-04
2.490404270704298160e-04
2.715937007708011828e-04
2.451190206956642805e-04
2.697678607656193387e-04
2.346204406658685413e-04
2.771542135138549759e-04
2.375666824924120134e-04
2.837106389870080602e-04
2.333755497532445764e-04
2.812623535255141523e-04
2.289561870134293952e-04
2.787518235183891030e-04
2.305330488360864572e-04
2.781086298802000825e-04
2.273585770088952952e-04
2.734817853216142225e-04
2.352428861221805779e-04
2.865323917222890870e-04
2.347656779390080517e-04
2.873208226336176180e-04
2.341847288464501996e-04
2.798099807941194814e-04
2.394132706794709227e-04
2.843745808070741459e-04
2.420482897778583901e-04
2.839388689876557771e-04
2.460941852438863981e-04
2.819262953455802922e-04
2.530033298089495362e-04
2.900388344595133190e-04
2.538747534477863279e-04
2.894371371850784289e-04
2.630247016555726678e-04
2.942714635624348865e-04
2.727555989559168870e-04
2.953918653837965145e-04
2.701413280394065119e-04
3.021765208575972615e-04
2.799552180672589918e-04
3.016370681287935127e-04
2.900595826413903842e-04
3.079445154194217606e-04
3.071975808718473600e-04
3.170529672634539702e-04
3.173641899916099479e-04
3.236093927366070003e-04
3.323443773068520367e-04
3.245430609210749875e-04
3.447310418874607613e-04
3.289001791152590002e-04
3.579683819250292125e-04
3.290246682065213913e-04
3.714754483269995652e-04
3.308920045754573658e-04
3.947756565749452784e-04
3.403946718751538138e-04
4.121003884422958408e-04
3.420752746071962559e-04
4.291968903089986862e-04
3.473660609858482016e-04
4.597589622139177539e-04
3.617238028447782266e-04
4.946159077673894762e-04
3.756665810661669481e-04
5.336224896962747221e-04
3.828869483593861180e-04
5.718821370775852963e-04
3.925556011140991959e-04
6.064071117210241384e-04
4.130133084448868170e-04
6.568459418641728938e-04
4.391352694281135572e-04
7.048779829095819802e-04
4.558583040210292293e-04
7.669150467220109835e-04
5.046995241596439119e-04
8.377908360140701866e-04
5.759280325436132771e-04
9.484201417825891987e-04
6.892131055923967405e-04
1.091644841279979612e-03
8.834575843254937342e-04
1.325103383760732395e-03
1.107537948597812514e-03
1.467477407801162865e-03
2.026454175751213078e-03
1.257796281751528402e-03
1.697325766635306198e-03
3.044422223185729633e-03
4.797892569980377782e-03
6.679814910775945178e-03
1.069678741126729206e-02
1.211256034983080460e-02
2.080584107450291972e-02
