2.179288290822435723e-03
2.694434142106932450e-03
1.276918915891423444e-02
4.616498193413651197e-02
8.953653318676385586e-02
8.578990075718193054e-02
6.267216217080125162e-02
6.458986006539313429e-02
6.518967600435932042e-02
5.995597304645201853e-02
5.411510142038861854e-02
6.524804302988743143e-02
8.925068636433980407e-02
1.209691472682814378e-01
1.432655784240165209e-01
1.512058437371275044e-01
1.381442888412497405e-01
1.173539543481355446e-01
1.492757902254433222e-01
1.582503647117116108e-01
1.594105040957476960e-01
1.563571506473087624e-01
1.636916117162370565e-01
1.669834361546908286e-01
1.767278489672753639e-01
1.979760993061237540e-01
1.891913313548196085e-01
1.709255602191259993e-01
1.509268190345703919e-01
1.471285658979954170e-01
1.487780028791535480e-01
1.315708731441425638e-01
1.202400142571711517e-01
1.095709009972911929e-01
1.073318812569672570e-01
1.021020441669845402e-01
9.758678623239601391e-02
9.372061510247924054e-02
8.773026324999837200e-02
8.970268970618934523e-02
8.741106384155827858e-02
9.199067710689141919e-02
8.417260354073019535e-02
7.661096588023340315e-02
7.314889165043399200e-02
6.989845473917288832e-02
6.976625721641828426e-02
6.737593801771239732e-02
6.472728788004569744e-02
5.748431901866603300e-02
5.163344161679780941e-02
4.893248856015136594e-02
4.504630587862495233e-02
4.792842411840410322e-02
4.952047949134823213e-02
5.002615017615089088e-02
4.766637891418242651e-02
4.311170428702947033e-02
4.089807799287684814e-02
3.814095614932608985e-02
4.265227241465816693e-02
4.307107477315534616e-02
4.234974929922608738e-02
3.990000185634610258e-02
3.535874406493141886e-02
3.403479800275734102e-02
3.264733042448903638e-02
3.413819101940714779e-02
3.267378508930632308e-02
3.070567930903106771e-02
2.906738512365557650e-02
2.683230705258808635e-02
2.778391697269190844e-02
2.811638161420659462e-02
2.896770637226665432e-02
2.921163505817505820e-02
2.914765873408969518e-02
2.705531457090459488e-02
2.662870467522637785e-02
2.648316611806536547e-02
2.671989367744757524e-02
2.705091809365702329e-02
2.640304411029495424e-02
2.517801878619125439e-02
2.377160087495927554e-02
2.407018232113491280e-02
2.299486462744422879e-02
2.364122258416920253e-02
2.338508988383219273e-02
2.328654815242109030e-02
2.224882791933033982e-02
2.063820122008181226e-02
2.099840914905531583e-02
2.038108310243069363e-02
2.036198116680330850e-02
2.016216885603433831e-02
1.998070046757420212e-02
1.887695727443801028e-02
1.752966440205269011e-02
1.779982034878281952e-02
1.730453444644425298e-02
1.704309565287741302e-02
1.686147566175356938e-02
1.683926587152014334e-02
1.594693259292669085e-02
1.520392793808698559e-02
1.535780464175201358e-02
1.518429539313662265e-02
1.478186612232005280e-02
1.493437840201169639e-02
1.540828832876724001e-02
1.496515374274470268e-02
1.460676504573571281e-02
1.471379652631454003e-02
1.426558325105773718e-02
1.370579041531082634e-02
1.386944549078510981e-02
1.426778148968152471e-02
1.386178955626778640e-02
1.382851277158357421e-02
1.419281397247723099e-02
1.451989671943023329e-02
1.414179967613902154e-02
1.397981222996554258e-02
1.336892929654857030e-02
1.270672886146596847e-02
1.333186244527162327e-02
1.381395891586747506e-02
1.353675344527486071e-02
1.321641701685692498e-02
1.272969666501794044e-02
1.211669129430903435e-02
1.120904614668093505e-02
1.191430173825700108e-02
1.253905631540338551e-02
1.267019261951200446e-02
1.310119899243779307e-02
1.351568067501925617e-02
1.403438918890092396e-02
1.422298290255539881e-02
1.672200121114093135e-02
1.800334692481266735e-02
1.898194211905676262e-02
1.999927179387860077e-02
2.305361065963161885e-02
2.495902873846304534e-02
1.470530677714681524e-02
3.066482239116138583e-02
3.548222443452271613e-02
3.676978585740654087e-02
3.882559377863768063e-02
4.092855012828244127e-02
4.034836673426661635e-02
2.794651082952022761e-02
2.226307856971902061e-02
4.232958614495273969e-02
4.264666311610092186e-02
4.166897753783908170e-02
4.126207598844309349e-02
3.580961038680313679e-02
2.708502869299163340e-02
2.628267159530970482e-02
3.209398070194977026e-02
3.266900960539947940e-02
2.531537079951196034e-02
2.142858170733069959e-02
2.628517303926090551e-02
3.125182790504413277e-02
3.016726244886717631e-02
2.994152608260389897e-02
2.914606690612074613e-02
2.535289245878003320e-02
2.083217682829797621e-02
3.496419813262773707e-02
4.178495357557675954e-02
4.613913367997406201e-02
4.948818812397812184e-02
5.071503268004634579e-02
5.493587824171124179e-02
5.250947760904249584e-02
7.073605945616723290e-02
9.608243300040777979e-02
1.177928440595742143e-01
1.265258397012215819e-01
1.106670640572419151e-01
9.232708341766256155e-02
9.382196148316895856e-02
1.166806869186021584e-01
1.308071747257065209e-01
1.444323125239239669e-01
1.389425526670114985e-01
1.148785860550886884e-01
1.051494093102069288e-01
1.402870408901182031e-01
1.514556091255887527e-01
1.301822685458964290e-01
9.535057114135071787e-02
3.959224844901604312e-02
2.511684711138451737e-02
3.327398003493178824e-02
2.284834065296910757e-02
1.593624460513518026e-02
1.382419209566785809e-02
1.216421872938192733e-02
7.360839932413714044e-03
8.495585870278474228e-03
1.132843324435207737e-02
1.018762319993894022e-02
9.100025690487800051e-03
7.946784227650494081e-03
5.151458512844964664e-03
3.647408486184138075e-03
5.232565937929486467e-03
4.980981317503759172e-03
4.350996448459402630e-03
3.964409656000466090e-03
3.097242419582773090e-03
1.708789424000353762e-03
9.720004783727337772e-04
1.342062580487347195e-03
1.135428149851452602e-03
8.248700932427737538e-04
5.628248890210985631e-04
3.543712264206917381e-04
1.876082963403662238e-04
1.348505693694995982e-04
1.162034417332450059e-04
9.604028745989656626e-05
8.262345172161582665e-05
7.466431187687301617e-05
5.995885349706249885e-05
3.956829522814996243e-05
3.547502330799651897e-05
3.600563263097937301e-05
3.274617536122756119e-05
2.812229411809125693e-05
2.365001553866434485e-05
2.334681021124557402e-05
2.069376359633130386e-05
1.970834628222028681e-05
1.811651831327172472e-05
2.228559156527986596e-05
1.948094228665621039e-05
2.039055826891252965e-05
1.849552497254519672e-05
1.690369700359663463e-05
1.432645172053705717e-05
1.811651831327172472e-05
1.569087569392153776e-05
1.462965704795582970e-05
1.523606770279337813e-05
1.394744506126358856e-05
1.015737846852891762e-05
9.626769145546063591e-06
8.792954495144435342e-06
