4.662538285534010966e-04
1.440306077247140897e-03
5.930116173435461338e-03
1.173971560370881510e-02
3.934066971703055471e-02
7.016357533193925966e-02
7.240848038003341869e-02
4.523887889557605402e-02
2.578122614669390439e-02
5.472077694299477130e-02
2.078361763036524340e-02
3.260202467894931372e-02
3.572975229826590160e-02
3.063614209056742324e-02
3.175709751221497679e-02
3.185450273708435170e-02
4.167465235789671180e-02
3.441333144457980886e-02
3.616587694102877532e-02
6.406952644575535094e-02
5.480311757496886954e-02
6.116037577677004011e-02
7.861630904858156466e-02
8.635277283594906816e-02
8.996434523701352104e-02
8.732317589754397258e-02
1.031507296031674847e-01
9.038765094048044346e-02
8.875627716949337220e-02
1.152426385463655584e-01
9.369643438124009016e-02
1.241282219942717591e-01
9.123875365461282805e-02
1.069807853856632601e-01
1.108108411681589939e-01
9.809014921715862589e-02
1.154004892806159283e-01
1.045597836678244519e-01
1.215757559719743142e-01
1.003528323562472013e-01
1.000371308877464616e-01
1.344359591528308251e-01
1.105508131951407624e-01
1.238357256129637429e-01
1.301287955493850845e-01
1.299163941464518690e-01
1.297259814350117391e-01
1.186982315911790653e-01
1.294698833557922368e-01
1.119896221699883676e-01
1.016434281935414130e-01
1.205404160937998403e-01
9.959436285308567727e-02
1.077072543250348208e-01
8.980939513866224855e-02
9.227212858588793032e-02
9.597146861512477478e-02
8.260926828592611570e-02
8.751995129418209396e-02
8.526905783648981718e-02
8.325901072732182218e-02
7.350810209248767602e-02
7.170484225225466635e-02
7.635250308269334041e-02
6.722176911686421341e-02
6.735351412802280391e-02
7.516408448416700416e-02
6.720698523066886976e-02
7.198274188516727567e-02
6.333070641158763947e-02
6.836125118070594808e-02
6.534374772555470723e-02
6.243272567856998634e-02
6.982476234514578550e-02
6.101749606651495766e-02
6.755796217445851626e-02
5.680689556783884847e-02
5.797248335477236947e-02
6.473676627144554774e-02
5.628038336770439798e-02
5.975038602311336794e-02
5.888356373378590691e-02
5.943365529671294778e-02
5.498174060501271471e-02
5.172863065973555552e-02
6.101225620811660810e-02
5.042961362144399162e-02
5.258216616526718845e-02
5.879701250131311868e-02
5.240541451322276029e-02
5.278885986530219843e-02
4.840768326197972260e-02
5.153232310759727625e-02
4.651263233087556126e-02
4.501562350024624487e-02
5.066559438716979058e-02
4.543668355011385579e-02
4.911843262615624844e-02
4.526068044926920275e-02
4.759653446813476296e-02
4.790035268633923565e-02
4.479882435901441640e-02
4.992125378790382428e-02
4.317119334402617220e-02
4.619861510257429471e-02
4.183297093664693767e-02
4.200429559249306555e-02
4.595907871864960553e-02
4.379810497382906342e-02
5.048509997912654229e-02
4.772856018599325179e-02
5.283508290188766027e-02
5.277220460110743777e-02
5.143837993202681619e-02
6.195393361742052712e-02
4.723460996304855442e-02
6.864167717391776724e-02
6.428015003958913176e-02
6.865898742041233460e-02
7.065032074958621511e-02
5.866274112985534611e-02
7.646553431385780253e-02
4.549338630349603063e-02
6.985751146013549628e-02
6.078348024768853719e-02
5.855710184178855582e-02
5.666513868438342177e-02
4.945930412874907645e-02
4.835696891819566551e-02
4.209945516376314284e-02
4.723507780754841040e-02
3.171676931632765734e-02
3.756229920418971413e-02
3.831515457335300107e-02
3.445833808546566041e-02
3.151699971489047014e-02
3.029948118847328176e-02
2.842829032686161606e-02
2.923850343170686719e-02
3.027580825678072296e-02
3.038023114914788908e-02
2.811792228565920121e-02
2.653061946655827993e-02
3.351881276086106365e-02
3.187443291277808344e-02
3.350674237276485973e-02
3.638436032246007701e-02
3.601597956327590166e-02
3.588750946361629612e-02
3.442502755707613216e-02
3.584849123232856927e-02
3.448968366695580323e-02
3.928237629234888895e-02
3.146703392230617430e-02
3.441370572017968948e-02
3.757034612958718572e-02
3.630005474358658640e-02
3.662941727148302795e-02
3.650665487472162796e-02
3.675283465054422771e-02
3.801966398724591217e-02
3.872105646142538077e-02
3.392087832403464093e-02
4.789773275714006434e-02
4.445102875782376561e-02
4.691217153374993565e-02
6.138503470559939640e-02
5.729888084388416736e-02
6.569238544684509462e-02
6.138952601279799165e-02
6.667036758933760077e-02
5.959646518266175502e-02
5.611691849945579791e-02
8.035650345023441499e-02
5.577323992986385481e-02
7.963583578266100749e-02
5.866760671265381505e-02
6.966466595729613187e-02
8.879978670797969431e-02
9.513383982258814819e-02
1.053772951468674030e-01
1.078709998999833469e-01
1.282780962768669819e-01
9.303200162254900152e-02
9.128207605529921331e-02
1.566933805266326751e-01
1.047836940454540539e-01
9.881240755603153125e-02
1.046363230280003970e-01
8.621354231279285130e-02
9.891290055459994734e-02
9.127739761030068122e-02
7.014345801844558415e-02
5.422139972385178058e-02
4.996158198379114374e-02
5.814221733931899949e-02
4.804575875689352099e-02
5.242562539561640422e-02
3.671362928145655014e-02
3.223467317766481877e-02
5.187291390349019204e-02
4.697420771443043541e-02
5.702070050427162501e-02
5.514595402446108990e-02
5.813501253402126451e-02
4.311823334664282442e-02
3.087549133669216864e-02
4.746095313207739086e-02
3.413477682936738589e-02
3.643694604424354416e-02
2.941394511915170276e-02
2.521373076837233121e-02
1.890896471945466631e-02
1.246253535598154660e-02
1.703337611954438766e-02
1.189878273365880049e-02
1.335274987030164728e-02
1.248134270487563299e-02
1.051836075239283123e-02
9.269403075585528132e-03
6.922975771023287365e-03
7.198629750336616416e-03
6.027240691604923185e-03
5.846184870161850490e-03
5.382083126307772580e-03
4.324006005440451939e-03
4.117499443205381408e-03
3.528015373390726555e-03
3.090300059328351945e-03
3.204547686192430432e-03
2.654081847665507206e-03
2.746153645236558069e-03
2.123639753732288037e-03
2.115592828334818178e-03
2.005087957469563285e-03
1.651397515580769896e-03
1.752451927548996299e-03
1.394738022961468414e-03
1.412328976155937570e-03
1.025421574777588473e-03
1.015783978080618587e-03
9.657246165963581175e-04
7.436856169661714084e-04
7.969263210494314988e-04
5.867705717155083985e-04
6.085721254086535548e-04
4.102996263709941176e-04
3.968257047752305898e-04
3.589303002871456071e-04
2.631157467172714755e-04
2.678877606157710695e-04
1.726346204457204498e-04
1.852664219417487774e-04
1.134055067643431923e-04
1.161190048634900266e-04
