6.227868422234526108e-02
6.163999496653124743e-02
6.898846299978793339e-02
8.672248074413635432e-02
6.923082813170230998e-02
9.837605381977367058e-02
1.036460086387496482e-01
1.009388295405289626e-01
1.390704758710339661e-01
1.583692756098788179e-01
1.615354583174515024e-01
1.853653567231970389e-01
1.722482377089911421e-01
1.873670909089225900e-01
1.843576069149807650e-01
1.894394564551205584e-01
2.029447472507685535e-01
2.017166169062816761e-01
2.007696087316220568e-01
1.988941690315094990e-01
1.954823468905435568e-01
1.831523298583666859e-01
1.737071060740185136e-01
1.593125417257054144e-01
1.453588052724127111e-01
1.291308993858580056e-01
1.174785959373247368e-01
1.052975930336752936e-01
9.176143025265523501e-02
8.570844962287900437e-02
7.844230688394777939e-02
7.375197024920812638e-02
7.092644854039456548e-02
6.598913602267848788e-02
6.380270450455391429e-02
6.074363823107516158e-02
5.497578911987588413e-02
4.995808915972996950e-02
4.388238888703925589e-02
4.081142821226996925e-02
3.741537617638589219e-02
3.546068501598919481e-02
3.322199831916127638e-02
3.246075663656729227e-02
3.089143071348796760e-02
3.066817681061345321e-02
2.947900397147699622e-02
2.959714611463238124e-02
2.896507228425523189e-02
2.835979426802135578e-02
2.861572436320525617e-02
2.736527531067881394e-02
2.885080584489114336e-02
2.633032875344429660e-02
2.907031768893268350e-02
2.588689478173663780e-02
2.886677641741045020e-02
2.563470674538571858e-02
2.837021857477036238e-02
2.538966871430494571e-02
2.730680564141356112e-02
2.498499178051025171e-02
2.662728785083261218e-02
2.449865777718168713e-02
2.609431175705016759e-02
2.411917291803042027e-02
2.566016610994578673e-02
2.339728967566184759e-02
2.469110651716331650e-02
2.254363250438919108e-02
2.350059722844365095e-02
2.154056026971412977e-02
2.217056260323730862e-02
2.046665620712916772e-02
2.076515222153816481e-02
1.942529469189526251e-02
1.960651725537796222e-02
1.839990374918066759e-02
1.836609157472555987e-02
1.766666068535484302e-02
1.749873579522504344e-02
1.664253936974429554e-02
1.663766132876559264e-02
1.584360980890391069e-02
1.586866823858901557e-02
1.516816818955173465e-02
1.519376119907012504e-02
1.469132297826392965e-02
1.438641200585554468e-02
1.434745450050509651e-02
1.364862501344682282e-02
1.402697389045236276e-02
1.322243124136251481e-02
1.353322259193700736e-02
1.288778426572780023e-02
1.264775792058405249e-02
1.240592736850297528e-02
1.194565413204692200e-02
1.199329855968820670e-02
1.137525744993471769e-02
1.140038270209898542e-02
1.121702181928315931e-02
1.060699940702890427e-02
1.079931450205220793e-02
1.000913868598182072e-02
1.046580350856322027e-02
9.457385475555336873e-03
9.726813711529610357e-03
8.873557475131915381e-03
9.121335227858256081e-03
8.520935252603082863e-03
8.497079627542860822e-03
8.371520189200683248e-03
7.892068901225627459e-03
8.066341926875653795e-03
7.619299541293337794e-03
7.811146878962520537e-03
7.408207329625994021e-03
7.494942907576045664e-03
7.463202229974909285e-03
7.038745842348770494e-03
7.524211153448250901e-03
6.810814365933033111e-03
7.443222308705983725e-03
6.882514886072020610e-03
7.278905832450838741e-03
7.183015574855828797e-03
6.931495763296509523e-03
7.351541867298071534e-03
6.776200321728004933e-03
7.179607628418654096e-03
6.697416618798026147e-03
6.941318667733072101e-03
6.797516692580135578e-03
6.449638866071684580e-03
6.705635783734741756e-03
6.360297211434381287e-03
6.822174187390281537e-03
6.118466659353305817e-03
6.952143909357038493e-03
6.213688692156714086e-03
7.225514671601770446e-03
6.273628455963490766e-03
7.643355633791041465e-03
6.823844749369288760e-03
7.856652987270675362e-03
7.572256515964497121e-03
8.368045420284348293e-03
8.041951721982149720e-03
8.974192128747306846e-03
8.406735635718153715e-03
1.064756065187919855e-02
9.511778973591809849e-03
1.351658379462609624e-02
1.348444218214999921e-02
1.683766100889232814e-02
1.766225040173026450e-02
1.877504514718651360e-02
2.345976869367671566e-02
1.908737341478169286e-02
2.994435571634922882e-02
2.645248024534930381e-02
3.540889759463997088e-02
3.520495538824277432e-02
3.614735281184029703e-02
3.734855369722560325e-02
2.663410374370696332e-02
3.504925901179931080e-02
2.574396149881278545e-02
3.138885724835713958e-02
2.585909663040596163e-02
2.688101280420421985e-02
2.191055633682463533e-02
2.374048992862907645e-02
2.404379716153761531e-02
2.641365638495717441e-02
3.177288603609131068e-02
1.884393912320076955e-02
3.721477509394671007e-02
3.807711918751021524e-02
4.609561621930709924e-02
5.282838192958091983e-02
3.948473471102164484e-02
6.367026235085823660e-02
5.334872857480207203e-02
5.884461019581898461e-02
5.131852801295425093e-02
3.439058983471636466e-02
3.540261628159890872e-02
3.535911484766555979e-02
3.355570978008774741e-02
3.532196154925244108e-02
5.223787168124147118e-02
4.737252697358101255e-02
7.833465587002055863e-02
8.203454971864646006e-02
1.129529098912360335e-01
1.175612553440460173e-01
1.414184841437681195e-01
1.680351472204142660e-01
1.819057565096315332e-01
1.597843084285770487e-01
1.769567500580624120e-01
1.283733997620969958e-01
1.153571158689439824e-01
6.209305137523798979e-02
3.245487625840118989e-02
2.257303439521971683e-02
1.235413994715375309e-02
7.032664996745183889e-03
6.995912633207026707e-03
5.607141048818793140e-03
3.936846359728274000e-03
4.065279164674345108e-03
2.524686907633941473e-03
2.470293409597468497e-03
1.152220008160818833e-03
1.569927325391768909e-03
1.110188668768998530e-03
6.922140616214070025e-04
5.981948334428839609e-04
3.843629001299674335e-04
3.006343337421285870e-04
1.432673953196540826e-04
1.678580676506394895e-04
1.221514919050035769e-04
8.559959580432690044e-05
7.985286259654227070e-05
5.920471653601376837e-05
5.973929636929605982e-05
3.755423328808097126e-05
4.062806732945414373e-05
3.200796751777719234e-05
2.479113976846626110e-05
2.646170174747342020e-05
1.697290970671275028e-05
2.472431728930597297e-05
1.857664920655962464e-05
1.917805151900220083e-05
1.844300424823905178e-05
1.369860822785871512e-05
1.850982672739933990e-05
1.349814079037785752e-05
1.670561979007160455e-05
1.556963764434673690e-05
1.463412293610272517e-05
1.450047797778215400e-05
9.021034686638666593e-06
1.396589814449986254e-05
8.753744769997520866e-06
1.262944856129413391e-05
8.152342457554942980e-06
1.095888658228697311e-05
9.488792040760669921e-06
5.880378166105204300e-06
