3.131094513419187264e-02
7.685504015157580693e-02
1.505967645771739694e-01
2.378093758354801468e-01
2.774209080268523198e-01
1.945651825636083576e-01
2.299696984283625956e-01
3.285587254141360547e-01
3.213814505814189260e-01
2.922332565467615773e-01
2.388149503535198226e-01
1.624477538289947065e-01
1.310396652427135711e-01
1.504842246557831498e-01
1.420955508931614764e-01
1.318325637231634040e-01
1.064280743583415068e-01
7.849025544744589467e-02
8.017859053126429048e-02
7.829108577550931980e-02
7.624367037567869598e-02
7.157598066195390574e-02
7.438266644815885731e-02
7.332554722854442431e-02
7.014808611000357408e-02
7.364721924318461121e-02
7.358142000992916321e-02
6.637914068103181742e-02
5.320090489653119675e-02
6.652786821185517618e-02
6.615634471349182699e-02
6.542471709297346949e-02
6.137426435188728102e-02
5.551435238485599721e-02
5.463151647247592446e-02
6.576883408843686718e-02
6.579978453567730812e-02
5.738350738435901016e-02
4.677285927455700903e-02
3.854878203797230951e-02
3.590665340064499306e-02
3.904824192702802121e-02
4.404347085213450308e-02
4.898061846721597778e-02
5.310238324386504921e-02
5.058441078993355933e-02
4.466110159636650645e-02
4.956698374693282311e-02
5.774750984528860542e-02
6.304255646160213111e-02
7.108628630841427876e-02
7.486590294756689801e-02
7.205401937632920084e-02
6.517679849777520407e-02
5.690653185328586883e-02
6.339045366436207862e-02
6.811957174665568548e-02
7.157885519458564993e-02
7.457207058457938909e-02
7.286129051993776862e-02
7.052429549032825096e-02
6.023925711110033471e-02
6.165506287513360106e-02
6.237219970101522820e-02
6.407939644415698577e-02
6.480425119326904682e-02
6.562786385800328803e-02
6.351098714909871046e-02
5.908420689620984267e-02
6.185285434649332587e-02
5.882927916664924817e-02
5.226006642844479438e-02
5.595498279785925816e-02
5.462647619608053395e-02
5.170831367178690963e-02
4.478667535749852879e-02
4.655600925807721474e-02
4.330735423545148399e-02
3.850290764734239091e-02
3.738699832883485286e-02
3.582455202342320344e-02
3.285389974573071914e-02
2.929743346855212885e-02
2.738330975308399251e-02
2.660643777648512634e-02
2.262788772835193710e-02
2.117238978770498090e-02
1.989912934047884802e-02
1.846639139792982318e-02
1.722849163979010140e-02
1.563741813953900897e-02
1.407004968920998710e-02
1.261833195585956857e-02
1.219829579719059962e-02
1.164717307508214388e-02
1.100942060242791724e-02
1.127454701625731429e-02
1.192844412424052397e-02
1.200156750913302164e-02
1.172545486784804837e-02
1.223999620893058589e-02
1.350041970221220813e-02
1.464452306680646271e-02
1.517560281481137446e-02
1.526156315364838277e-02
1.541603974973522646e-02
1.491610733476745297e-02
1.445417387856180215e-02
1.511059112474270709e-02
1.541088134186181791e-02
1.590541908600015195e-02
1.642685142996701264e-02
1.739489951515665878e-02
1.826202394096048190e-02
1.890599800479026565e-02
1.923160773536434359e-02
1.994019971766940874e-02
2.079287272599582639e-02
2.032617463351015993e-02
2.050041856358517448e-02
2.045470168159261096e-02
1.936655326041905600e-02
1.880397178494295357e-02
1.947235968756291097e-02
1.931902502909689512e-02
1.900070007300052807e-02
1.923428538219939740e-02
1.888414368135712951e-02
1.915734241285101808e-02
1.982927425981148573e-02
1.972331032403027221e-02
1.954004902446662695e-02
1.910634899150703142e-02
1.888603378500540095e-02
1.892714353935530391e-02
1.889564181188411324e-02
2.009152614100913684e-02
2.055349897437412643e-02
2.078645424902357194e-02
2.080641846880844012e-02
2.129189946629880120e-02
2.056058686305514346e-02
1.995634435299839873e-02
1.973701357548024102e-02
1.977485502560500513e-02
2.009298309590467832e-02
2.047316956932259541e-02
2.064087689094733918e-02
2.147362505664822743e-02
2.119239338464918437e-02
2.074290311079465127e-02
2.062898498882696427e-02
2.085308040262513762e-02
2.045852126604848914e-02
1.894990353745323874e-02
1.796598645704998096e-02
1.755201438091921404e-02
1.782895394255030672e-02
1.803883420182710376e-02
1.810148326233543270e-02
1.751212531850881993e-02
1.755666088572121336e-02
1.658569889074048426e-02
1.669875071520271481e-02
1.639979932150112743e-02
1.600366509855092462e-02
1.618594196913109365e-02
1.582245141127290589e-02
1.563029087369865316e-02
1.508460219957897565e-02
1.404606899917254514e-02
1.344576420504969491e-02
1.340989161289187805e-02
1.360583235776267365e-02
1.380941227154523603e-02
1.364627270040381403e-02
1.322096000238342020e-02
1.253119030224239192e-02
1.171151535344204693e-02
1.136149178407779708e-02
1.146808575440843268e-02
1.192608149468018554e-02
1.163953390617037884e-02
1.126903421394985505e-02
1.083143584221569686e-02
1.019726669106131925e-02
1.002837805465640539e-02
1.025456045789954404e-02
1.032417927561087197e-02
1.011158199233968408e-02
9.913475503705242164e-03
9.737302092822617411e-03
9.334394998466106000e-03
9.650632965117507747e-03
1.021916039165379590e-02
1.040502058373381222e-02
1.049901386307597329e-02
1.022861090989515137e-02
9.789555583265451694e-03
9.000516064430839208e-03
8.665219552659369703e-03
8.527635757928949192e-03
8.572092570822665084e-03
8.582960666800225000e-03
8.657462252269588349e-03
8.585795822272632161e-03
8.296137438175046896e-03
7.933395046344302731e-03
7.631332857054936789e-03
7.420901317547392607e-03
7.227716973830324021e-03
7.340256895221147944e-03
7.313756066986009871e-03
7.245909221444936203e-03
7.287964027618974022e-03
7.103797053390534418e-03
6.892026690465463332e-03
6.616229066455201965e-03
6.588901317873945354e-03
6.472738697823934503e-03
6.389495382981317043e-03
6.603077095235981159e-03
6.469391639280120711e-03
6.411270952095777381e-03
6.339880162214194328e-03
6.444938423330610032e-03
6.422375311029370794e-03
6.241476641026066571e-03
6.029666900941657581e-03
5.837073214614674904e-03
5.761232805727787253e-03
5.667554543660338097e-03
5.629279944782843159e-03
5.600495241306043329e-03
5.500162239310305359e-03
5.509297740276950656e-03
5.678540771115914328e-03
5.928782618715175076e-03
6.063531257973186692e-03
6.123423917327785147e-03
5.974105729114348277e-03
5.895902690667121325e-03
5.835025602329047510e-03
5.824984426697606132e-03
5.855580479503998126e-03
5.969380469993669676e-03
6.097513746482732117e-03
5.954417149444854972e-03
6.004977422036113406e-03
6.113303987377665359e-03
6.385951438640808525e-03
6.680413836177750801e-03
7.419956265723257754e-03
9.960058683203263860e-03
1.870068549599679039e-02
