1.087816255218098660e-01
1.124472411937272737e-01
1.816065516959465276e-01
2.502230375200156787e-01
9.747620623376372639e-02
2.611681869473726492e-01
2.559290580105115787e-01
1.244335287204257207e-01
2.803042142841778994e-01
2.244430267804256585e-01
2.519966314515358352e-01
2.151500369492944653e-01
2.272844508994800450e-01
2.242418095002035872e-01
1.725748363434710664e-01
1.989495160094317261e-01
1.528431501264748693e-01
1.573365505169735112e-01
1.142073057563695315e-01
9.983350626971822239e-02
9.588403050605895372e-02
6.538018012557016145e-02
7.275273287516485776e-02
5.953387951223722968e-02
5.896208951860323899e-02
5.584604487679675766e-02
5.360790594884550647e-02
6.580028719495512046e-02
5.358216714951680865e-02
7.558924389007390388e-02
5.632375259254265853e-02
6.550854413760688610e-02
5.700388753206882264e-02
4.841915466195258894e-02
4.991339829135686690e-02
4.465476359773958015e-02
5.075841553940319689e-02
5.282771234355294193e-02
4.763016146714593030e-02
5.636012422920087805e-02
5.190371877961768438e-02
5.639583589664554086e-02
5.451631690634956701e-02
6.158631043648497144e-02
6.541376522554892547e-02
7.027623506625083061e-02
7.666451706373879349e-02
6.589363617371703230e-02
7.372655411472361919e-02
5.838806296263441414e-02
6.974323659639143635e-02
6.777146857602280028e-02
7.600484116983288740e-02
7.972398767796097518e-02
6.903193644400289208e-02
7.620400521250168813e-02
6.096351948862559905e-02
7.106757481826124490e-02
6.499651802275605017e-02
7.058664058636018868e-02
7.268508603077533659e-02
6.337475367531016091e-02
7.060376312095635598e-02
5.540778865403900993e-02
6.413188502308457550e-02
5.164248096591828735e-02
5.461971208314006510e-02
4.926640847233375309e-02
4.664640402442751105e-02
4.407589726753800841e-02
3.789781546456775368e-02
3.934417466103288380e-02
3.224151265482643608e-02
3.492384752845744539e-02
3.247774496832331326e-02
3.173747950045090194e-02
3.092538738316977232e-02
2.925093549350829200e-02
2.826266826116391462e-02
2.610225904058708149e-02
2.713720076231242173e-02
2.446260219446255366e-02
2.746964192116329792e-02
2.619949450471772273e-02
2.792564398277445209e-02
2.852053289888291376e-02
2.992018094101077733e-02
3.058304668611554894e-02
3.097407844514770900e-02
3.041438788709558208e-02
2.976384156731053110e-02
2.849530740894253705e-02
2.647803817779482635e-02
2.576002833840179002e-02
2.470202435915828248e-02
2.459763922854744933e-02
2.430875603779129521e-02
2.489572532333708330e-02
2.530450292122264980e-02
2.632008554601700245e-02
2.668321527329824486e-02
2.755004817034825346e-02
2.689730195318467548e-02
2.775218207447804897e-02
2.716062966939367454e-02
2.786239693314196408e-02
2.667918212810429374e-02
2.715699983871911263e-02
2.469032823809581487e-02
2.452100946986229130e-02
2.242784377915559360e-02
2.190280160481518010e-02
2.054506160774815376e-02
1.922442654646551452e-02
1.867503884113613094e-02
1.745629569343533707e-02
1.634685078049074453e-02
1.602592241792079666e-02
1.476655449862997876e-02
1.483984774629104608e-02
1.318490161338579068e-02
1.365993278732115408e-02
1.279808632432912971e-02
1.299395052093014168e-02
1.273784580111395580e-02
1.241281096343743555e-02
1.192648698295899722e-02
1.167852188344333832e-02
1.172075991311094870e-02
1.111197497856149068e-02
1.174173226811951742e-02
1.107809655893226067e-02
1.262407444168809657e-02
1.234377085070817621e-02
1.145845881567859360e-02
1.147459139645441543e-02
1.032844486224482501e-02
1.043550653466619564e-02
9.506086557197260950e-03
9.589902647318919796e-03
9.295116398597069382e-03
9.208000462407625250e-03
9.061047317522403360e-03
9.305455916276118150e-03
8.975581304366851004e-03
9.441886218700746777e-03
8.911857610302350782e-03
9.490833935372845753e-03
8.999340196054880434e-03
9.814622164534868645e-03
9.269744248831455341e-03
1.011153498072262652e-02
9.343734130662388268e-03
1.035766683242284915e-02
9.033401940465651467e-03
9.904047992971759529e-03
8.685598164921436853e-03
9.401114787285485414e-03
8.001173425507155865e-03
8.511512952367785920e-03
7.401811384729031079e-03
7.826134924089478764e-03
7.111058281201134389e-03
7.699677489780813386e-03
6.865733058539701464e-03
7.321405135544078145e-03
6.362396538334031196e-03
6.689777933214307963e-03
5.946065959448878363e-03
6.053200961782864188e-03
5.460475278096611935e-03
5.766004359016910739e-03
5.215003395609945150e-03
5.353560265500477769e-03
4.946799240211892032e-03
5.016462657198399178e-03
4.985040789641854118e-03
4.754234889678661882e-03
4.964801733759458165e-03
4.383295526703663916e-03
4.715700020598231207e-03
3.986214049880571972e-03
4.428576747744894689e-03
3.929273372733179878e-03
4.138886927949949994e-03
3.845897262087222615e-03
3.946102587678867318e-03
3.854293537081912319e-03
3.705287154643403802e-03
3.735755733335923128e-03
3.675295220382896692e-03
3.665212357398007614e-03
3.699604086415557002e-03
3.695424281396366816e-03
3.629354030128110944e-03
3.715553342409836073e-03
3.508689658916218194e-03
3.658466005437209251e-03
3.344980628997925795e-03
3.442949392254740244e-03
3.265014359288677046e-03
3.224279592829724147e-03
3.289726539840732641e-03
3.051550983659494665e-03
3.336694348872161920e-03
2.973014647246284732e-03
3.322651670605934748e-03
3.001100003778739943e-03
3.291303132962006186e-03
3.024272256165830459e-03
3.160445903896298529e-03
3.093862343239720675e-03
3.114064734165807730e-03
3.133313836227869052e-03
2.991823769832641436e-03
3.186038043399762494e-03
2.774363913965812497e-03
3.229596011494484126e-03
2.772603996062995325e-03
3.195827586734182116e-03
2.791376453693043564e-03
3.269964128390349337e-03
2.938219603709339624e-03
3.166275631949379624e-03
3.112158156437756264e-03
2.955232143436570692e-03
3.282356883622686468e-03
2.570286767151654453e-03
3.438769587235550058e-03
2.271797357842624768e-03
3.502859930863136233e-03
2.089682519857370517e-03
3.605375148702228555e-03
1.909914239075872567e-03
3.711703521997423809e-03
1.795116260873370244e-03
3.746168580927590995e-03
1.708843618679027100e-03
3.873799293838134632e-03
1.731979206109809368e-03
4.047517856828698746e-03
1.816271940663483249e-03
4.322175044537080769e-03
2.086712658396366622e-03
4.515252704458632901e-03
2.475617849962621821e-03
4.943829378750887703e-03
2.936496350762831352e-03
5.634890475257042092e-03
3.666715620606663794e-03
6.935103155875740021e-03
4.407787717517867854e-03
9.570983529863637262e-03
6.136613737385130350e-03
4.100315393913209552e-03
