4.706524608872946977e-04
2.321122451355422771e-03
1.376396599095202310e-02
3.304289426183806833e-02
5.218300032894301888e-02
7.843230674970538829e-02
1.410657851414441333e-01
2.083369894289559265e-01
1.870793273912454702e-01
3.985659801884346431e-01
2.097659247629168611e-01
2.983317033504161997e-01
2.752937215140478511e-01
2.112481168048084557e-01
1.580409912493708213e-01
1.330462794089312950e-01
1.522195389381500730e-01
9.134982473086709909e-02
8.708920362899776058e-02
1.169088211665969129e-01
8.694603135311765318e-02
8.857435203056825135e-02
9.432894837933523957e-02
9.371334982676048087e-02
9.814311693597491115e-02
9.535915526002652909e-02
1.095755709829855234e-01
9.293992390104000023e-02
8.976525817666480833e-02
8.569886990570182994e-02
8.566026829503681217e-02
7.176005635659533921e-02
6.294588114238335030e-02
6.513844418141456760e-02
5.910299366314825803e-02
6.120661250955307386e-02
7.041533503977449870e-02
8.502397522470946101e-02
6.737070690756298552e-02
7.110285759996690103e-02
8.228427447652579552e-02
6.683045329309149352e-02
5.404103015344728644e-02
5.001776250008714564e-02
4.642067521130109620e-02
4.009524804224044031e-02
3.984281715936863200e-02
4.224414142544273554e-02
4.161866018479837281e-02
4.056476019296585689e-02
4.528589766539471012e-02
4.757445792657208350e-02
4.839847983651215241e-02
4.979497968142414244e-02
6.562142888553401665e-02
6.201589485480812902e-02
7.070531169056884502e-02
7.767488739996088187e-02
7.474513495813105146e-02
6.697459694429468147e-02
6.362035348627873010e-02
8.027825773323570002e-02
7.494261978468426399e-02
7.392626556077429301e-02
8.245033742306284719e-02
9.210027551851125704e-02
8.271814137626512520e-02
8.925452592527302609e-02
9.556170813174363898e-02
9.144328793043131343e-02
7.858244758768585803e-02
8.557588534305791972e-02
8.201296512541846051e-02
6.801354620289369601e-02
6.154634047037301631e-02
6.136380637705330515e-02
5.485052366725084311e-02
4.737093367953189305e-02
4.932791708586128226e-02
4.833208844486508449e-02
4.104736479369801294e-02
4.224359238721665105e-02
4.259193602481520929e-02
3.716853642750894693e-02
3.759839112482686596e-02
3.498919253961355752e-02
3.522143570924916867e-02
3.207325052085534950e-02
2.938169620172870547e-02
3.039606544128282267e-02
2.465870044607309380e-02
2.562344507673071023e-02
2.507520929112608266e-02
2.380342559095566593e-02
2.163413332596867550e-02
1.998182390140894674e-02
1.714735070866039296e-02
1.735881489312402284e-02
1.622277033592666590e-02
1.441411171806069279e-02
1.499275577464870800e-02
1.385084073180316983e-02
1.355123479519742061e-02
1.254180689967810541e-02
1.153453292335344937e-02
1.317581934968170207e-02
1.080912672556089832e-02
1.087927691737118271e-02
1.195357579098838517e-02
1.027436349335029975e-02
1.113804285669785579e-02
9.488436389558872405e-03
9.671350586265878291e-03
9.532443915065382661e-03
8.618717605724336706e-03
8.876765571986125133e-03
9.113147645172250955e-03
8.465958277742520813e-03
9.093044399355458204e-03
8.195831470506778280e-03
8.372621779307407031e-03
8.017013943640589196e-03
7.952227432962097678e-03
8.069848314474221962e-03
7.466582005131605464e-03
8.060472430921011497e-03
7.075962424124193975e-03
7.161908023361958885e-03
7.239069010982300025e-03
7.212377306452439664e-03
7.449604053832548090e-03
7.016539594577493599e-03
7.617525283596357326e-03
6.976839907460296447e-03
7.165244486428190562e-03
7.756854291893842956e-03
7.844024668712881732e-03
8.349055369295282913e-03
8.005061803795730443e-03
8.347408254617015577e-03
8.289167968941892062e-03
7.750899338826263384e-03
8.653644883645530278e-03
8.734691372558193653e-03
9.264259858475799511e-03
1.022165582364576407e-02
1.135301243906651492e-02
1.201734869263409826e-02
1.233114515569876113e-02
1.417557572567991128e-02
1.476697436259706564e-02
1.551218817023851566e-02
1.651456303623807104e-02
1.738149439523246562e-02
1.742402374089950523e-02
1.834395840556632754e-02
1.906674611335752723e-02
1.908216141739771735e-02
2.003153297772484326e-02
2.105519363341277345e-02
2.109134568891524175e-02
2.013944010600616369e-02
1.857843996181599011e-02
2.018395443602906403e-02
1.805448855928837304e-02
1.898084274782946279e-02
2.025866586848685744e-02
1.941593442515007761e-02
1.977492095759282933e-02
1.766391121199065856e-02
1.928298270701716069e-02
1.716863649834876257e-02
1.726366234517184503e-02
1.739931702072550213e-02
1.699585839196955314e-02
1.640543113037547934e-02
1.648060713363995802e-02
1.749404723158069080e-02
1.636737855793654606e-02
1.691037736353847784e-02
1.642697032232203966e-02
1.545893146230789203e-02
1.588363364704251449e-02
1.471316861644035232e-02
1.485182188538265377e-02
1.480329535293833237e-02
1.455031543184044304e-02
1.588688564268934955e-02
1.584435629702230994e-02
1.670858469859595394e-02
1.702491518424256722e-02
1.705536568893565100e-02
1.723751967886807263e-02
1.763557239278253433e-02
1.765005855520934003e-02
1.756149446597022809e-02
1.792174800970395068e-02
1.796237683843453226e-02
1.871836024204926591e-02
1.876747804642937140e-02
1.905361142964109508e-02
1.903477519511527494e-02
1.763096891842532571e-02
1.789446503323830276e-02
1.634127812534247326e-02
1.698221690373672918e-02
1.696232482646842926e-02
1.656667943400682089e-02
1.547126370554004204e-02
1.565510704386043062e-02
1.525409797026702936e-02
1.599745349468171748e-02
1.551565133443384703e-02
1.523559960541880087e-02
1.685471333415500261e-02
1.518360990877915331e-02
1.619920392591454178e-02
1.525439360623492314e-02
1.629482104467341180e-02
1.662964989516824837e-02
1.711377490944956947e-02
1.623852350964444941e-02
1.749869293964759556e-02
1.742533298590017918e-02
1.662559545903713118e-02
1.673878180103084354e-02
1.607148918778432065e-02
1.692925583177399759e-02
1.673020835796191694e-02
1.740898854024660811e-02
1.918293104873988394e-02
1.978978722340692803e-02
2.105641841099404471e-02
2.605220169759644988e-02
2.827040059841505124e-02
3.383587439514925549e-02
3.214559686556998919e-02
3.587280621393910962e-02
3.513460320210772675e-02
3.148218975361578853e-02
3.104498639081021763e-02
2.997660023655089601e-02
2.818952304434118802e-02
2.870967341299588207e-02
2.747535101332861107e-02
2.676481108135016218e-02
2.559970973187979115e-02
2.334037519781421988e-02
2.315036573787775456e-02
2.296639569842827411e-02
2.581222975908589734e-02
3.031822871430729649e-02
3.792730725596381997e-02
4.873947480862306225e-02
4.255950053576627173e-02
