9.997309310753673683e-01
2.155001896566974620e-02
8.218712037575431895e-03
1.665618317474125334e-03
5.023463373857339114e-04
2.792832156365604359e-04
2.368359926572777654e-04
1.492443594792085629e-04
1.693871831823111536e-04
1.261843652018199537e-04
1.211343125355150013e-04
7.628640164100021070e-05
1.038034499761503708e-04
6.010327832397759757e-05
8.812724482449549356e-05
5.394374439007537935e-05
7.411526157423654556e-05
4.908498159749411687e-05
5.820950857411325398e-05
4.192117582654261650e-05
4.562263488309566524e-05
3.327487353423266684e-05
3.451825771343653256e-05
2.673275985288309933e-05
2.601542282641933169e-05
1.963590553773488534e-05
1.949243813244212978e-05
1.797168363633894252e-05
1.434674052927536634e-05
1.401198325025894122e-05
1.251992223521430236e-05
1.253905122258666966e-05
1.005228286417893992e-05
1.149652141079266139e-05
9.966202421003287937e-06
8.914108115523095173e-06
8.990624065012562660e-06
8.273287038548795020e-06
8.196771089059325840e-06
7.020338365658745657e-06
8.110690645883673858e-06
7.077725327775847543e-06
6.943822416169277324e-06
7.527256531026475591e-06
5.958679566492368399e-06
7.355095644675170782e-06
5.059617159991113149e-06
7.374224632047538077e-06
6.408210769742997294e-06
6.369952794998262704e-06
6.513420200291016570e-06
5.901292604375267360e-06
6.972515897227828266e-06
4.916149754698359282e-06
6.972515897227828266e-06
6.303001339194978018e-06
5.910857098061451008e-06
6.475162225546281980e-06
5.308293995831885445e-06
6.982080390914011067e-06
4.791811336777972711e-06
6.551678175035750314e-06
5.910857098061451008e-06
6.063888997040387675e-06
6.542113681349566666e-06
5.442196907438455664e-06
6.551678175035750314e-06
4.677037412543769787e-06
6.417775263429180095e-06
6.542113681349566666e-06
5.891728110689083713e-06
6.819483998248890752e-06
5.155262096852947931e-06
6.532549187663383866e-06
4.399667095644445701e-06
6.733403555073238771e-06
6.159533933902224151e-06
5.394374439007538274e-06
6.274307858136427075e-06
5.203084565283866169e-06
7.077725327775847543e-06
4.131861272431305263e-06
6.733403555073238771e-06
5.738696211710146198e-06
5.996937541237103836e-06
6.169098427588406952e-06
6.035195515981837579e-06
5.643051274848311417e-06
5.633486781162126922e-06
5.643051274848311417e-06
6.312565832881160818e-06
6.915128935110726381e-06
5.183955577911499721e-06
6.790790517190339809e-06
5.117004122108214188e-06
7.115983302520582133e-06
4.552698994623383215e-06
6.886435454052176285e-06
6.360388301312079056e-06
5.863034629630532770e-06
6.465597731860098333e-06
5.203084565283866169e-06
6.771661529817972514e-06
4.590956969368116959e-06
7.068160834089663895e-06
6.226485389705509684e-06
5.853470135944349969e-06
6.637758618211403142e-06
5.117004122108214188e-06
7.202063745696234114e-06
4.600521463054301453e-06
7.182934758323866819e-06
6.618629630839035847e-06
6.083017984412755817e-06
7.622901467888311220e-06
5.461325894810822113e-06
7.240321720440968705e-06
4.916149754698359282e-06
7.173370264637683172e-06
6.350823807625896256e-06
6.427339757115364589e-06
7.202063745696234114e-06
5.432632413752272017e-06
7.661159442633044963e-06
4.954407729443093026e-06
7.699417417377779553e-06
6.695145580328504180e-06
6.656887605583770437e-06
7.747239885808698638e-06
5.537841844300291293e-06
8.254158051176427725e-06
5.480454882183189408e-06
8.053303683766571973e-06
7.622901467888311220e-06
6.628194124525219494e-06
8.397625456469181592e-06
5.949115072806185598e-06
8.866285647092176088e-06
5.403938932693721074e-06
8.474141405958649078e-06
7.928965265846185401e-06
7.402918113106089019e-06
8.588915330192851155e-06
6.609065137152852199e-06
9.287123369284253194e-06
5.968244060178552046e-06
9.870557484141453155e-06
8.617608811251402945e-06
8.674995773368504831e-06
9.650574129359228414e-06
7.393353619419906219e-06
1.016705678841314369e-05
7.269015201499518800e-06
1.114263514440386897e-05
1.033921767476444765e-05
1.001402488943420702e-05
1.216603596882551163e-05
8.866285647092176088e-06
1.216603596882551163e-05
8.081997164825123763e-06
1.317987229956096981e-05
1.280685704579981179e-05
1.111394166334531718e-05
1.487278768201546272e-05
1.034878216845063045e-05
1.481540071989836084e-05
9.210607419794785707e-06
1.531275439157990713e-05
1.415545065555169509e-05
1.279729255211362560e-05
1.563794717691014945e-05
1.543709280950029370e-05
1.351462957857739663e-05
1.491104565676019732e-05
1.097047425805256331e-05
1.508320654311150297e-05
1.635528420337391709e-05
9.889686471513818756e-06
1.566664065796870124e-05
1.319900128693333710e-05
1.557099572110686307e-05
1.045399159899864973e-05
1.728304009093372328e-05
1.743607198991266164e-05
9.038446533443480051e-06
1.835426338378628503e-05
1.455715939037140490e-05
1.949243813244212978e-05
1.749345895202976522e-05
2.402600813969314655e-05
2.240960870672812112e-05
1.898551996707440069e-05
2.474334516615691419e-05
1.383025787022145276e-05
2.624497067488773923e-05
1.671873496344889400e-05
2.758399979095343634e-05
2.904736732493952680e-05
3.253840752039653022e-05
3.614422164008774418e-05
2.702925915715479325e-05
4.321238247417740299e-05
2.322259067005372693e-05
4.425491228597141634e-05
4.244722297928271796e-05
4.880761128059479532e-05
4.814766121624812788e-05
3.487214397982532329e-05
5.099788033473083961e-05
2.541285972418976782e-05
5.688004395173373629e-05
5.556970831672658419e-05
6.730534206967383592e-05
6.689406884116794161e-05
4.876935330585006412e-05
7.195368600115905646e-05
3.078810517582493541e-05
7.845754170776388938e-05
7.373268182678920644e-05
8.872024343303886785e-05
1.019957606694616792e-04
6.787921169084484461e-05
1.100681933406005999e-04
5.743478458553238615e-05
1.358731973059239099e-04
1.402919933889407026e-04
1.590670944949190647e-04
1.794490305401762729e-04
1.207134748133229310e-04
1.783586782599513659e-04
8.652997437890283712e-05
2.068130469763475082e-04
2.059235490635324332e-04
2.528565195816352370e-04
2.849932183672120489e-04
1.959382176551567763e-04
3.293342110963591173e-04
2.046419069095838431e-04
3.792321746571788738e-04
3.272300224853987114e-04
4.091690398949334112e-04
4.079447847031019586e-04
2.947298729397469395e-04
4.060031924848066806e-04
1.638302123506384924e-04
3.935789151864542402e-04
3.495439862552650215e-04
3.962378444312132349e-04
4.338932560737179768e-04
3.194445246248453019e-04
4.065196751438605654e-04
1.041095137741082340e-04
3.579129182306756835e-04
3.195019115869624123e-04
3.862333840354651988e-04
