9.995179800126099412e-01
2.921368810145501607e-02
9.930085151188707340e-03
2.733576804320605926e-03
7.994008605564397168e-04
2.081786138993574266e-04
5.737502163590131441e-05
3.104637962406766899e-05
2.252743829154692554e-05
1.686422361183041716e-05
1.459700819490813540e-05
1.219472462548835703e-05
1.048707726891285085e-05
9.454770674824834558e-06
8.702248110910203513e-06
8.489998156985565725e-06
8.518941332520743451e-06
7.969020997352359878e-06
7.708532417535758649e-06
7.438396112540762020e-06
7.361214311113620852e-06
6.676225823447739812e-06
6.550805396128635203e-06
7.033191655048269619e-06
7.312975685221657411e-06
7.177907532724159944e-06
6.589396296842205787e-06
6.251725915598462542e-06
6.608691747198990655e-06
6.647282647912562086e-06
6.435032693987923451e-06
6.637634922734169228e-06
6.242078190420068837e-06
6.492919045058278903e-06
6.126305488279357086e-06
5.778987381857220137e-06
6.039475961673822213e-06
6.550805396128635203e-06
6.242078190420068837e-06
6.010532786138644487e-06
5.991237335781858772e-06
6.058771412030607929e-06
5.711453305608470980e-06
6.107010037922571370e-06
6.560453121307028060e-06
5.614976053824544943e-06
6.637634922734169228e-06
6.049123686852215918e-06
6.242078190420068837e-06
5.219419321510443706e-06
5.817578282570791568e-06
5.315896573294371436e-06
5.788635107035612147e-06
5.750044206322042411e-06
5.701805580430078969e-06
5.827226007749183578e-06
5.479907901327046629e-06
5.007169367585805071e-06
5.306248848115978578e-06
5.933350984711503319e-06
5.885112358819539878e-06
5.952646435068288188e-06
5.431669275435083188e-06
5.431669275435083188e-06
5.499203351683832345e-06
5.286953397759192863e-06
5.200123871153658837e-06
5.566737427932581502e-06
5.923703259533110462e-06
5.750044206322042411e-06
5.383430649543120593e-06
6.087714587565785655e-06
5.518498802040617213e-06
5.904407809176324746e-06
5.450964725791868903e-06
5.807930557392397863e-06
5.672862404894900396e-06
5.103646619369731954e-06
5.653566954538114680e-06
5.605328328646151239e-06
5.460612450970261761e-06
5.489555626505439487e-06
6.029828236495430203e-06
5.711453305608470980e-06
5.576385153110973513e-06
5.393078374721512604e-06
5.364135199186334878e-06
5.258010222224015137e-06
5.595680603467759228e-06
5.962294160246681045e-06
5.479907901327046629e-06
5.692157855251686111e-06
5.373782924364726888e-06
5.132589794904910527e-06
5.479907901327046629e-06
5.171180695618480264e-06
5.508851076862224355e-06
6.415737243631137736e-06
5.634271504181329812e-06
5.431669275435083188e-06
5.518498802040617213e-06
5.711453305608470980e-06
5.711453305608470980e-06
5.740396481143649553e-06
6.116657763100964228e-06
5.923703259533110462e-06
5.750044206322042411e-06
5.875464633641147020e-06
5.672862404894900396e-06
5.576385153110973513e-06
6.280669091133640268e-06
6.560453121307028060e-06
5.971941885425073903e-06
5.701805580430078969e-06
6.039475961673822213e-06
5.971941885425073903e-06
5.769339656678827279e-06
6.348203167382388578e-06
6.473623594701493188e-06
5.817578282570791568e-06
5.711453305608470980e-06
6.213135014884891111e-06
6.251725915598462542e-06
6.000885060960252476e-06
6.734112174518096111e-06
6.271021365955246564e-06
6.348203167382388578e-06
5.759691931500434421e-06
6.164896388992927670e-06
6.656930373090954097e-06
6.435032693987923451e-06
7.052487105405055334e-06
7.583111990216653192e-06
6.975305303977913320e-06
6.290316816312032279e-06
7.187555257902552801e-06
7.091078006118625071e-06
6.637634922734169228e-06
7.843600570033255269e-06
7.177907532724159944e-06
7.612055165751830918e-06
6.869180327015594426e-06
6.907771227729164162e-06
7.206850708259337670e-06
7.129668906832196502e-06
8.123384600206643908e-06
8.422464080736816568e-06
8.210214126812178780e-06
7.332271135578443126e-06
7.920782371460396436e-06
8.268100477882534233e-06
8.036555073601109035e-06
8.692600385731811502e-06
9.310054797148944233e-06
9.290759346792158517e-06
8.576827683591100598e-06
9.657372903571080335e-06
9.589838827322332872e-06
9.763497880533400923e-06
1.050637271926963657e-05
1.108523622997319956e-05
1.164480429031997515e-05
1.036165684159374794e-05
1.123959983282748190e-05
1.122995210764908989e-05
1.213683827441800157e-05
1.304372444118691326e-05
1.360329250153369054e-05
1.366117885260404599e-05
1.133607708461140878e-05
1.350681524974976365e-05
1.296654263975977379e-05
1.472242862222724170e-05
1.578367839185043742e-05
1.680633726076006171e-05
1.698964403914952177e-05
1.718259854271737553e-05
1.248415638084013767e-05
1.424969008848600099e-05
1.568720114006651054e-05
1.680633726076006171e-05
1.741414394699880073e-05
1.858151869358431703e-05
1.853328006769235190e-05
1.487679222508152404e-05
1.709576901611184236e-05
2.086802956086338451e-05
2.340538128278066120e-05
2.410966522080332711e-05
2.521915361631848796e-05
2.575942622630847783e-05
2.418684702223046997e-05
2.103204088889606055e-05
2.162055212477801216e-05
2.604885798166025848e-05
3.180854991316069374e-05
3.697008288360078030e-05
3.828217350786218185e-05
3.732704871520131011e-05
3.071835696800231691e-05
2.838360747483129108e-05
3.517560600041974095e-05
4.443742217167672174e-05
4.832545541856897480e-05
4.880784167748860583e-05
4.800708048768201981e-05
3.971968455944269817e-05
3.035174341122339679e-05
4.483297890399081959e-05
6.184191839349712199e-05
7.276314329543764382e-05
7.111338228993250665e-05
6.512214495415064280e-05
5.224243184099640558e-05
3.703761695984953285e-05
6.348203167382388240e-05
7.801150579248327711e-05
9.215507090400695074e-05
1.015326597774046424e-04
9.823313776639435455e-05
7.504000643753832775e-05
6.415737243631138074e-05
1.138721002805689067e-04
1.401621513916889706e-04
1.693272246059700670e-04
1.931474580714216270e-04
1.701086903454198860e-04
1.216674622247101935e-04
9.990219422225627235e-05
1.866834822018984886e-04
2.305227454125148752e-04
2.832861544131444866e-04
3.402270284160181487e-04
3.057074677277290577e-04
2.020233652355428596e-04
2.379321983495204544e-04
3.606995012445674150e-04
3.890348700935067545e-04
4.103563427377545855e-04
4.278573162113589296e-04
3.630631939132736253e-04
2.281976436445222261e-04
2.354141420779599990e-04
3.502896057770817019e-04
3.812395081493654271e-04
4.116684333620159938e-04
4.524976063169738427e-04
4.045194690048270481e-04
2.350282330708242779e-04
2.275705415079267335e-04
3.457841181187723263e-04
3.720162828788220076e-04
4.260435438778210622e-04
5.434949501995736980e-04
5.869675998534111712e-04
