9.996990413179505097e-01
2.344034357468263718e-02
5.666592390185781064e-03
9.711506754890226242e-04
3.974755335646976855e-04
2.283892181620400942e-04
1.339781567412101366e-04
1.071958926549006869e-04
1.049234581263653330e-04
9.210998275958198755e-05
6.316031263135014103e-05
6.565235217734898411e-05
7.133343849868735550e-05
4.968802221217628092e-05
4.816988317840686462e-05
5.976120888278465778e-05
4.219280748570464949e-05
5.805210896426437521e-05
4.126664719466293421e-05
4.142896394670117087e-05
5.311577009345439378e-05
3.817308086169884918e-05
3.796302388847288748e-05
4.335766888268495608e-05
3.359956767191551162e-05
3.557601282908702187e-05
2.851046009330484123e-05
2.704960932496068413e-05
2.709734954614840578e-05
2.330677598384363889e-05
2.275298941806611858e-05
2.086247665903251069e-05
1.826540862642067999e-05
1.677591372536390007e-05
1.573517690347165960e-05
1.362505912697454906e-05
1.266070665898265815e-05
1.129533633301393926e-05
1.152448939471498454e-05
1.054104083824800497e-05
1.041691626315994054e-05
9.567140326018569731e-06
8.201770000049850848e-06
9.271150954654720918e-06
8.621883946501764090e-06
7.896232584448459400e-06
7.485666682234090488e-06
8.001261071061438557e-06
7.390186239858655660e-06
6.578602479667459625e-06
7.246965576295503419e-06
7.151485133920068591e-06
6.435381816104307384e-06
6.712275098993068384e-06
6.578602479667459625e-06
6.654986833567807487e-06
5.852951117614154935e-06
6.769563364418329281e-06
6.053460046602568073e-06
6.549958346954829177e-06
6.645438789330264005e-06
5.919787427276959315e-06
6.674082922042894453e-06
5.957979604227132399e-06
6.903235983743938039e-06
6.339901373728872556e-06
6.320805285253785591e-06
5.986623736939763694e-06
6.760015320180785798e-06
6.740919231705698832e-06
5.537865657775220004e-06
6.234872887115894246e-06
5.948431559989589763e-06
5.260972374886459004e-06
5.977075692702220211e-06
6.320805285253785591e-06
6.521314214242198729e-06
5.050915401660502383e-06
6.635890745092720522e-06
6.015267869652394142e-06
5.948431559989589763e-06
6.139392444740459418e-06
6.015267869652394142e-06
6.387641594916589970e-06
5.614250011675567866e-06
5.709730454051002694e-06
6.578602479667459625e-06
5.852951117614154935e-06
6.110748312027829817e-06
6.807755541368503212e-06
6.425833771866763901e-06
6.674082922042894453e-06
5.700182409813459211e-06
6.110748312027829817e-06
6.187132665928177679e-06
5.661990232863285280e-06
6.311257241016242108e-06
6.750467275943242315e-06
6.597698568142546591e-06
5.556961746250306969e-06
6.464025948816936985e-06
6.215776798640807280e-06
6.148940488978002901e-06
6.063008090840111556e-06
6.750467275943242315e-06
6.588150523905003108e-06
5.633346100150654832e-06
7.008264470356916350e-06
6.158488533215546384e-06
5.938883515752046280e-06
6.349449417966416039e-06
6.330353329491329073e-06
6.989168381881829384e-06
5.919787427276959315e-06
6.855495762556220626e-06
6.845947718318677143e-06
5.900691338801872349e-06
6.740919231705698832e-06
6.674082922042894453e-06
6.779111408655872763e-06
6.282613108303611660e-06
7.332897974433394764e-06
6.607246612380090074e-06
6.368545506441503004e-06
6.845947718318677143e-06
7.141937089682525108e-06
7.428378416808829591e-06
5.986623736939763694e-06
7.428378416808829591e-06
7.361542107146025212e-06
6.836399674081133660e-06
7.495214726471633971e-06
7.523858859184264419e-06
7.972616938348807262e-06
6.769563364418329281e-06
8.029905203774068159e-06
8.144481734624591646e-06
7.829396274785655868e-06
8.660076123451938021e-06
8.230414132762482144e-06
8.010809115298982887e-06
7.180129266632699040e-06
8.163577823099676917e-06
7.838944319023200197e-06
8.020357159536525523e-06
9.147026379566656489e-06
9.204314644991917386e-06
8.984709627528418129e-06
7.877136495973372434e-06
9.882225785857503815e-06
9.433467706692960972e-06
8.860585052440352006e-06
9.958610139757853371e-06
1.039782017468485188e-05
1.112347153673815827e-05
9.147026379566656489e-06
1.169635419099076554e-05
1.061742519214835284e-05
1.019731124569644129e-05
1.271799492440791904e-05
1.208782400473004918e-05
1.345319433069876806e-05
1.111392349250061394e-05
1.365370325968718035e-05
1.297579211882159223e-05
1.202098769506724565e-05
1.569698472652148567e-05
1.357731890578683249e-05
1.606935845178568065e-05
1.272754296864546337e-05
1.471353617005450779e-05
1.758749748555509695e-05
1.515274620498150630e-05
1.394014458681348314e-05
1.853275386507190089e-05
1.639399195586216076e-05
1.877145497101048542e-05
1.541054339939518288e-05
2.104388949954583601e-05
2.109162972073355089e-05
2.052829511071848964e-05
3.015272370216232027e-05
3.160402642626892626e-05
3.795347584423534653e-05
3.133668118761771213e-05
4.326218844030951956e-05
3.038187676386336047e-05
3.778161104795956215e-05
3.764793842863394831e-05
3.916607746240336461e-05
3.414380619345549437e-05
2.731695456361190504e-05
4.396874371388773898e-05
3.739968927845782284e-05
4.630801455208589311e-05
4.838948819587036727e-05
4.949706132742542143e-05
4.126664719466293421e-05
2.910243883603253547e-05
5.314441422616703015e-05
4.823671948806967154e-05
6.587195719481248675e-05
6.570009239853670914e-05
6.308392827744978640e-05
5.847222291071629184e-05
3.194775601882049503e-05
6.963388662440462065e-05
5.652442188625741797e-05
7.723412983748924310e-05
8.274335136255182334e-05
8.737415281776040655e-05
8.712590366758427430e-05
4.940158088504997813e-05
1.117598578004464632e-04
9.187128165364338947e-05
1.399265883011997357e-04
1.666420160778464056e-04
1.694300449952090924e-04
1.634243251697942341e-04
8.886364771881720003e-05
1.859959017473470646e-04
1.411296418751302332e-04
2.096655034122173406e-04
2.480677373356172401e-04
2.747831651122638829e-04
2.751746349260032038e-04
1.704516857286262645e-04
3.362534739135688774e-04
2.220302206998361330e-04
3.401681720509616529e-04
3.993564982794936915e-04
4.014857121444659381e-04
3.786276942397867845e-04
2.544076387093461059e-04
4.038440790711391674e-04
2.398277751586171916e-04
3.686499880115538916e-04
4.264442997814045597e-04
4.020490467544810096e-04
3.836213213760220455e-04
2.356457317825731614e-04
4.078829017836200360e-04
2.311676990351652604e-04
3.931884617020406304e-04
5.259635648693203238e-04
5.952441738569358822e-04
8.226117512855587229e-04
2.832904725279151320e-04
3.864322655995548576e-03
1.244396605479042219e-04
1.631187877541928697e-04
3.745697754388308882e-05
7.705271699697591439e-06
4.344360128082284658e-06
1.737744051232913863e-06
