1.314227481191397606e-04
2.355575327088864509e-05
2.649257445790852863e-05
3.028596849114254417e-05
2.973531451857631621e-05
3.316160590343284419e-05
3.915761582693177154e-05
4.080957774463045878e-05
4.784571183853226529e-05
5.512658103135239233e-05
5.928707771296388865e-05
6.815872504875312619e-05
7.262514060401252655e-05
9.324407268788128470e-05
9.563023990233494029e-05
1.179011339039023925e-04
1.442713408123517710e-04
1.811039731995594637e-04
2.652928472274627535e-04
4.153154628643951178e-04
5.095384759479496982e-04
6.527696925898986103e-04
9.329913808513790648e-04
1.023298632352240625e-03
1.581722944309125285e-03
1.231078731333897338e-03
2.504557818555394177e-03
1.571566437704014895e-03
2.744092296621703387e-03
1.776103796625003823e-03
2.208734267737870460e-03
1.339496380154714698e-03
1.425520767424505453e-03
8.998909587226758787e-04
8.688707849347783018e-04
6.678209011733754648e-04
7.353677884748328506e-04
6.360665220887229670e-04
7.908614721545626424e-04
7.077127222970622114e-04
8.439078048451093645e-04
9.279131275488238699e-04
9.771048824314069320e-04
1.165183805950138632e-03
1.168242994686617686e-03
1.508853068606194614e-03
1.478811835213970265e-03
2.079514135508995706e-03
2.152016908563549134e-03
2.574490873071304947e-03
3.006570690211605393e-03
3.230564489496600810e-03
4.331811250854327409e-03
4.179647203101859859e-03
5.923078864021267750e-03
5.912249335894131583e-03
7.467051419322241583e-03
8.094613396723552082e-03
9.055994049049456707e-03
1.070153167040153661e-02
1.107940266313142685e-02
1.378029921479404646e-02
1.338994673201931995e-02
1.629923522041089312e-02
1.626491112278759602e-02
1.909166269906896474e-02
2.132474810914920804e-02
2.215770401831772263e-02
2.782711495231014742e-02
2.598138402004288028e-02
3.310709116014878828e-02
3.022527418661079962e-02
3.934557238290104647e-02
3.918985967621426564e-02
4.829761519868494557e-02
5.026901760424676985e-02
6.228502149093862600e-02
5.121473521024190456e-02
7.212245471083428283e-02
5.855850132348404402e-02
7.816471956802878429e-02
7.187747487681704628e-02
8.546584059028440594e-02
9.223337791312334610e-02
7.626312784943341250e-02
1.052681528328374416e-01
8.361142156200553066e-02
1.109598346608314384e-01
1.003340485035451174e-01
1.128926912883136263e-01
1.176210345831903703e-01
9.918416064127738574e-02
1.242650418648502952e-01
9.622433435495916787e-02
1.133961725705633500e-01
9.094392986069742280e-02
9.091639716206911803e-02
7.945098606416875486e-02
6.894340695965998911e-02
6.296073509905211751e-02
5.235966718675655329e-02
4.956583248127970076e-02
4.394273766475756404e-02
4.043733565917569106e-02
3.842029015766559863e-02
3.709694629403949284e-02
3.162962536797887109e-02
3.301317406593888559e-02
2.998402656285206400e-02
3.125395699113924647e-02
2.767837719594253704e-02
3.022398932734148003e-02
2.777119298220731211e-02
2.580150372233791164e-02
2.539181716674863976e-02
2.303985168236882125e-02
2.376946819601907096e-02
2.105180729008054863e-02
2.230228127800372093e-02
2.071266562675447981e-02
1.847395130939911631e-02
1.869531420637074101e-02
1.630015297703183569e-02
1.676667925934488892e-02
1.449774015727311148e-02
1.515779071905583135e-02
1.441520324516290703e-02
1.293492299935542801e-02
1.378127815518971969e-02
1.239558802511417195e-02
1.411993034831795016e-02
1.194704977257161384e-02
1.459239145677977342e-02
1.338878424029945821e-02
1.461674259912214627e-02
1.493759031380407012e-02
1.655620707427513105e-02
1.758764314866640560e-02
1.812238933980294536e-02
2.042308282095937552e-02
2.002697906336006750e-02
1.787233125248314722e-02
1.940896175481656924e-02
1.681054802582599914e-02
1.947179749146385128e-02
1.784528802405267039e-02
2.194362199053891821e-02
2.393839659804744557e-02
1.963931866667344150e-02
2.778159422391134059e-02
2.046523844174805498e-02
2.924131672140968183e-02
2.469181360006750259e-02
3.037670402906651398e-02
3.027311989844933340e-02
2.391245467756210330e-02
3.015423982414975820e-02
2.227591107109527097e-02
2.995435243210821732e-02
2.454852119965082388e-02
3.078345376346876619e-02
3.050831032850984115e-02
2.312330635109996826e-02
2.985290973360657171e-02
2.051816240688914342e-02
2.766760885159013153e-02
2.096070464950820084e-02
2.609463518706733529e-02
2.451205566991199528e-02
1.924878263257452649e-02
2.340040766685023976e-02
1.821655116911176722e-02
2.362299423931645687e-02
2.522417362398958821e-02
2.751862636012360197e-02
2.906467916376537924e-02
3.053975878872084576e-02
3.337568793121165056e-02
3.583093162733499981e-02
4.534629345705415426e-02
2.887623313759827073e-02
5.952092209998034733e-02
5.726825788198663947e-02
5.133508369513498787e-02
8.894664671842499037e-02
8.907635632085170174e-02
1.663946595492714620e-01
1.402895619367253710e-01
2.545826274610496487e-01
2.581750327942969880e-01
2.145692953607499509e-01
4.164329233260561924e-01
2.214963999680836237e-01
2.556088017308141835e-01
2.355829851591739743e-01
2.630873556997855855e-01
2.083836769193640470e-01
1.051789468892817131e-01
1.190768413191060221e-01
4.608319083989722426e-02
4.010461829219622715e-02
2.947161244949182343e-02
1.960780902268770970e-02
5.900257316047133674e-03
3.046707246434210339e-03
1.739087612913607509e-03
1.437329235947314415e-03
1.197978309205193935e-03
1.172770594016606582e-03
1.069981852470910716e-03
1.147012224855453039e-03
1.212295312491915977e-03
1.072551571009553156e-03
1.319978756015978199e-03
1.051565536277306815e-03
1.320162307340167146e-03
1.104795420292042267e-03
1.296851289168196673e-03
1.339802299028362582e-03
1.196081612188577056e-03
1.381957919817043776e-03
1.184517878764686184e-03
1.468165858411023261e-03
1.321875453032595295e-03
1.622593705828485368e-03
1.809081851204248073e-03
1.657896743847453534e-03
2.144124201623433083e-03
1.826152124353801068e-03
2.492810533807314575e-03
2.140697910238576352e-03
2.948752023092151252e-03
3.385420623337170171e-03
2.717844457262713013e-03
4.164657178293112473e-03
3.453701715935382586e-03
5.270309171431369032e-03
4.447020298670128005e-03
6.580559707265344095e-03
7.120628886803354214e-03
5.422412035409106788e-03
8.298171815248868433e-03
6.208256438035844246e-03
9.122256077081593306e-03
6.750467049689390202e-03
7.748190864204665580e-03
5.713707986896641826e-03
3.327907875091364129e-03
3.514763123115504078e-03
2.058466917002019572e-03
2.043048605770165366e-03
1.328605668252849170e-03
1.255491057450999976e-03
8.665458014950542772e-04
6.409000402923599633e-04
