2.439918193064736991e-06
4.879836386129474193e-07
1.707942735145316021e-06
2.134928418931644814e-06
2.622912057544592551e-06
3.720875244423724218e-06
4.574846611996382228e-06
4.940834340956092502e-06
5.184826160262566582e-06
7.929734127460395750e-06
1.012566050121865908e-05
9.881668681912185003e-06
1.061364413983160555e-05
1.500549688734813391e-05
1.622545598388050093e-05
2.025132100243731817e-05
2.263024124067543791e-05
2.793706331059123984e-05
2.769307149128476576e-05
3.623278516701134501e-05
4.282056428828613501e-05
5.678909594358175493e-05
7.466149670778095336e-05
9.393685043299238198e-05
1.271197378586728162e-04
1.816519094736696732e-04
2.485056679636434831e-04
3.230451687617712079e-04
4.738931110479985666e-04
7.841897072510064810e-04
1.367086163574172215e-03
2.338600590097723864e-03
3.332135278313684990e-03
3.203551589539173350e-03
2.751007762680491003e-03
2.630292810078613350e-03
2.030377924358821133e-03
1.329023439762362299e-03
9.399784838781899627e-04
7.783949015424777851e-04
7.079422637177334478e-04
6.815301492778077412e-04
6.589609059919588566e-04
6.555450205216682398e-04
6.962306563910227461e-04
7.815667951934618905e-04
9.034407089370454988e-04
1.023179694261697539e-03
1.181774376810905414e-03
1.297731488936307125e-03
1.231914695678385744e-03
1.216909198791037627e-03
1.403806932379796481e-03
1.543797238706885819e-03
1.673661884532756400e-03
1.835062473003988776e-03
1.963158178139887394e-03
1.966086079971565096e-03
1.946322742607740821e-03
2.671527427541407155e-03
3.498537699080699927e-03
4.381300101331521597e-03
4.930586684545220678e-03
5.129196025460689909e-03
4.993353580061810938e-03
4.636149556597133833e-03
6.567222810498219918e-03
7.660245163036395570e-03
8.668358362455918717e-03
9.487865885551536455e-03
9.996954816534493402e-03
1.033018664375231002e-02
1.036855435733825305e-02
1.214542478143764911e-02
1.385965030593010530e-02
1.599512770645519083e-02
1.820941446461626576e-02
1.996993743682212719e-02
2.173826814724579698e-02
2.170179137025947738e-02
2.296536400449287682e-02
2.635404438693083815e-02
3.047171132750171527e-02
3.365568257354154685e-02
3.652642932154668426e-02
3.835179311973324623e-02
3.613543243110806102e-02
3.445542675927333598e-02
3.805930792633960974e-02
4.475218652378066403e-02
4.926274129138978608e-02
5.217569862413495158e-02
5.367691929037285425e-02
5.429915942755918906e-02
5.045354336551503144e-02
4.632288386056608587e-02
4.837278113046942357e-02
5.693030620900537547e-02
6.201277780106887599e-02
6.268826915281884571e-02
6.085668356323997719e-02
5.479787870622162410e-02
4.935314026044283764e-02
5.173919725939567227e-02
6.069400201771738695e-02
6.710702199841390991e-02
6.957268132841548658e-02
6.882100353108706881e-02
6.406907985622900537e-02
6.130459154553184048e-02
6.483057832428451572e-02
6.232606329705839276e-02
7.566149717920853113e-02
7.945093412485737527e-02
7.879599908388397467e-02
7.500284126299071319e-02
7.418369972762405007e-02
7.857439351399887750e-02
6.939700721851482790e-02
9.215619813569372876e-02
1.028560323856953507e-01
1.072644765769247138e-01
1.029868729987984538e-01
9.731918702812837607e-02
8.858793977424621324e-02
6.633393391894135127e-02
8.736230786791496228e-02
9.670701155348843114e-02
8.782412338390729878e-02
6.884064487254124010e-02
5.011427274076938471e-02
3.578182728697815868e-02
2.558150528905171750e-02
2.351751749158342841e-02
2.177785581992826985e-02
1.959431203099980950e-02
1.726217722411370684e-02
1.656362864543927532e-02
1.743217852421549349e-02
1.757466974669047444e-02
1.378004797488136847e-02
1.471941647921129297e-02
1.845188133505207273e-02
1.876626479422846550e-02
1.954789258737675561e-02
2.232305554016858484e-02
2.518575055813661659e-02
2.054502615492748499e-02
3.060316192015307898e-02
4.768685912844410069e-02
6.341005795228223108e-02
6.926903350928857728e-02
4.935509219499728539e-02
6.341231487661080912e-02
4.965971598140141857e-02
6.208798827937010018e-02
9.948742033039534305e-02
1.193353618575642427e-01
1.504496256412095612e-01
1.275158585773168707e-01
1.195738638609363108e-01
1.612250973551961897e-01
1.994010333711642713e-01
2.190838534346175037e-01
2.401984784917159665e-01
2.664966487520256111e-01
2.659301607455508143e-01
1.385431908467825990e-01
3.450094953296044542e-01
2.444491819717636849e-01
2.427794239563398349e-01
2.150319422893497423e-01
1.690458891353362192e-01
5.647190657848333989e-02
8.704212960303003843e-02
5.871687530792220333e-02
4.607004733780975525e-02
4.481050056859491038e-02
3.147518868235441719e-02
1.658406296030619231e-02
7.850924769824404320e-03
4.887888116166587589e-03
4.414665982621681847e-03
3.113396612305431230e-03
3.008907115687433926e-03
2.911249390010017639e-03
2.601379779490796147e-03
2.251190520831179535e-03
2.082714169600059523e-03
1.814445164272591657e-03
1.367391153348305327e-03
1.308711120805098292e-03
1.409296748314192065e-03
1.370502049044462723e-03
1.359766408994977959e-03
1.299927415310065401e-03
1.134927947504062390e-03
9.676105574146481175e-04
9.106384676065865536e-04
9.866419193205529670e-04
9.741373385810962390e-04
1.009333158516055162e-03
1.011041101251200416e-03
9.088085289617879895e-04
7.826037604255144282e-04
7.636943944292626718e-04
8.431137316135199188e-04
8.866662713597254185e-04
9.131393837544778342e-04
9.429063857098676652e-04
9.008787948343275091e-04
7.457609957102368523e-04
7.394172084082685330e-04
9.041116864401383237e-04
9.949376411769732687e-04
1.115164610140238115e-03
1.238868462528620179e-03
1.269916421535368951e-03
1.071429076529552705e-03
1.038795170697311880e-03
1.394535243246150568e-03
1.527083799084392231e-03
1.632488265024788872e-03
1.702269925346440492e-03
1.614981851989549582e-03
1.259912756943803612e-03
1.291143709815032294e-03
1.781201278892084608e-03
2.096438709436048917e-03
2.410517178838307052e-03
2.714164997965213752e-03
2.835367934205704210e-03
2.285593367353392323e-03
2.270404876601564512e-03
4.081007169720079347e-03
5.445531419191533898e-03
6.681044994204689627e-03
7.561733465991406222e-03
7.720023158766481201e-03
5.489205954847392599e-03
4.810298717627128906e-03
8.719230656781318256e-03
9.674580625275815832e-03
9.346960609902048647e-03
7.686352287702188056e-03
5.638284956443647723e-03
3.496890754300381165e-03
1.664390195399110487e-03
2.963524637296429537e-03
2.098268648080847155e-03
1.359888404904631160e-03
9.216180994753778296e-04
6.283399326689963985e-04
3.511042279820156763e-04
1.922655536135012906e-04
