2.680656634096678266e-06
3.117042597786834860e-07
3.740451117344202256e-07
6.857493715131036586e-07
1.433839594981944110e-06
1.059794483247523990e-06
2.181929818450784349e-06
1.371498743026207317e-06
4.176837081034358744e-06
3.615769413432728459e-06
7.605583938599877673e-06
1.178242101963423557e-05
2.319079692753405123e-05
2.749231571247988525e-05
3.035999490244377347e-05
6.209148854791375215e-05
6.283957877138259874e-05
7.886117772400692773e-05
1.008674984643819752e-04
1.339081500009224287e-04
1.206918893863062473e-04
1.171384608248292531e-04
1.743050220682398194e-04
1.415137339395223148e-04
1.778584506297168136e-04
2.017349969287639505e-04
2.118342149455932982e-04
2.009245658533393938e-04
2.171955282137866716e-04
3.085872171808966714e-04
2.729905907141710192e-04
3.367029414129339118e-04
3.578988310778844027e-04
4.696136377825645722e-04
4.575195125031516607e-04
5.499086551015534017e-04
7.140521183010081633e-04
6.922951609684560104e-04
9.679664083167237570e-04
9.125453909280738327e-04
1.302362738207295473e-03
1.163155615790135381e-03
1.402544487300164339e-03
1.566625609647663174e-03
1.456718687649699411e-03
1.958188500781645348e-03
1.965981107276112364e-03
2.402554093522136537e-03
2.259918224247411088e-03
2.726726523691967458e-03
3.440155233473418412e-03
3.779289468112625831e-03
5.083834136138372026e-03
4.885403204363262392e-03
6.360325420784036961e-03
5.801439683000857508e-03
6.399537816664194884e-03
8.101941801871452575e-03
8.326618232319928092e-03
1.033860688833937447e-02
1.206239378576745049e-02
1.367589971608582783e-02
1.225128656719333235e-02
1.357877266873878941e-02
1.640300028488952955e-02
1.407737480268077095e-02
1.859777231884319690e-02
1.937241974524517990e-02
2.296836476775598532e-02
2.147474029574848731e-02
2.207526972263810019e-02
2.975080009713231347e-02
2.433219558599163460e-02
3.230253584938452827e-02
3.455004824409274589e-02
3.956786341800999640e-02
3.635494058991523697e-02
3.503767838809052071e-02
4.698337009899682809e-02
3.542437869277195728e-02
4.050048256326781865e-02
5.213253744798481554e-02
4.734519640374793004e-02
5.586681682098539742e-02
4.827962343371246245e-02
5.008869261661598460e-02
5.906646104761358734e-02
4.449927417111659150e-02
5.388069961852758050e-02
6.163378201285473618e-02
5.921732590934646739e-02
5.959729340201668640e-02
5.587828753774525675e-02
6.388166845267469196e-02
5.196558864644735404e-02
5.566632864109574697e-02
6.907048458350652231e-02
6.290753030001434987e-02
6.767891208615056664e-02
6.135299881564609814e-02
7.060974255914562181e-02
6.032306560048537186e-02
5.887158354439995384e-02
7.868369331848894255e-02
6.060260198065489656e-02
7.832641789593061676e-02
6.873870656939809476e-02
8.167854784644253130e-02
7.002760368358294796e-02
6.282087651579587595e-02
8.825126854983976477e-02
6.125474963296385217e-02
9.348989502138423113e-02
8.548782326434586909e-02
1.034492825072768629e-01
9.722591993823957723e-02
7.629148780639145866e-02
1.112259920844952399e-01
6.511657838906587115e-02
1.004551137286947837e-01
7.994516045781327462e-02
8.432865746308089439e-02
7.899645737275087787e-02
7.779315424830124392e-02
7.736150618935971890e-02
4.461497879234643804e-02
8.936473850662117469e-02
8.108649677541890366e-02
9.461072119869641528e-02
1.022253445608298783e-01
1.078044144249046266e-01
1.153911090853619176e-01
5.551714698236567130e-02
1.580831219582816971e-01
1.553747236450647162e-01
2.160351779363345326e-01
2.069161451348052461e-01
3.174246563541419097e-01
2.864087110074198805e-01
3.875325550550438175e-02
3.760809769367386979e-01
2.401215635430647144e-01
2.246859685988242816e-01
2.047499875518992429e-01
1.518593230032807273e-01
8.608243031029969017e-02
5.669495269836540702e-02
9.384131040385872147e-02
3.384316532376664688e-02
1.109630383709459406e-01
6.810725607993843578e-02
6.005618441326286000e-02
5.501692398627284347e-02
3.779239595431061610e-02
3.306752044373337251e-02
1.648959172825604710e-02
2.647416491833879185e-02
2.913231650487944913e-02
2.953279413784310262e-02
3.120670835370658799e-02
2.374918393850158557e-02
3.010826254224650833e-02
1.460590054556150721e-02
2.609064399710710191e-02
2.821702811646532513e-02
2.608384884424392453e-02
2.778350983196513010e-02
1.988829029517890160e-02
2.550738298620922745e-02
1.391410411140869656e-02
2.134475961942077643e-02
2.331055370414102101e-02
2.072290962116230331e-02
1.806400994439817664e-02
1.496167978767289596e-02
9.030633473456062266e-03
9.183430901599573884e-03
4.541406383271506982e-03
5.881734700319845958e-03
5.336750972522796149e-03
4.261745321398072162e-03
4.012194891019258552e-03
3.100958657982255066e-03
3.168598482354229376e-03
1.950333553435222621e-03
2.494257486749025358e-03
2.321136940867944438e-03
2.105437593101095513e-03
2.075389302458430663e-03
1.686320045402677761e-03
1.745294491352804679e-03
1.249373014044919111e-03
1.534644752594370443e-03
1.435148752873014605e-03
1.302362738207295473e-03
1.366573815721704209e-03
1.196694994142321732e-03
1.247315765930379810e-03
1.041964999588183101e-03
1.147134016837510944e-03
1.133543711111160502e-03
1.099069219979638065e-03
1.130364327661417768e-03
1.035045165021096459e-03
1.088658297703029923e-03
9.012616967240854237e-04
1.058422984504497726e-03
1.066090909295053322e-03
1.045206723889881544e-03
1.154739600776110830e-03
1.035543891836742357e-03
1.160100914044304285e-03
9.521941727719223768e-04
1.164651796237073074e-03
1.219574086810077101e-03
1.237652933877240622e-03
1.416758201546072316e-03
1.333470823333208046e-03
1.567810085834822316e-03
1.199001605664683874e-03
1.446744151336781673e-03
1.626098782413435990e-03
1.525667669912744284e-03
1.764433132903215923e-03
1.532836867887653982e-03
1.908440500920967646e-03
1.536390296449130976e-03
2.020217648477603579e-03
2.427116389192696729e-03
2.477674820128799530e-03
3.163361850789947558e-03
2.849538002044768852e-03
4.156888008408523086e-03
3.470203524116083262e-03
5.323597052760135895e-03
6.425596292781693419e-03
6.399724839220062231e-03
8.289151380294530053e-03
6.121934002905300015e-03
8.728529704878562265e-03
5.478638751574053077e-03
7.769103993279774696e-03
8.021833807108330605e-03
7.013719890132112840e-03
5.967453371758984007e-03
3.829224490529171097e-03
3.869870726004311437e-03
1.356162893445096067e-03
2.227500981230427952e-03
2.055627252388462101e-03
1.227304352452588407e-03
8.684704085953679192e-04
5.538361287747648734e-04
4.436798433689781072e-04
1.675098692050645171e-04
