2.307012635770106304e-02
2.238381087597508465e-03
2.429856352503514429e-03
2.609290994923099422e-03
2.810457492562078077e-03
3.018672159461400269e-03
3.717321937392976602e-03
3.436863535575130756e-03
4.438290917982308341e-03
4.174571918157778290e-03
5.521946941760161841e-03
5.098469438701173917e-03
6.517500849783719810e-03
6.473743465625752050e-03
7.234945745742878478e-03
8.036674999106983505e-03
8.774677055408812779e-03
9.744681349863624012e-03
1.070147032695529035e-02
1.212784358101736196e-02
1.410044995275607296e-02
1.468985310715231925e-02
1.840306361247676450e-02
1.969610899803066542e-02
2.658980588208523232e-02
3.313226899799933539e-02
4.947021901719537290e-02
1.377279818426584146e-01
1.035050086516208778e-01
3.097626338863209705e-01
1.597282548413831438e-01
1.791806146524935750e-01
1.679534683682042950e-01
1.446933351141931334e-01
1.509336079730700109e-01
1.349134129180278030e-01
1.279110567578762847e-01
1.227873313793255289e-01
1.074308389296323718e-01
1.081106935895363441e-01
9.785002751507174135e-02
9.807410056280682631e-02
9.336239941226702477e-02
9.131020746263025789e-02
9.052551128497865474e-02
8.779052793824608514e-02
8.735677185501576625e-02
8.682199201238717523e-02
8.599618151405023780e-02
8.372578999106200515e-02
8.180281447786487414e-02
7.963139099824062539e-02
7.965194815858329946e-02
7.723031467021686247e-02
7.962610487129537229e-02
7.951950131123268484e-02
7.725733265238150793e-02
7.807785702377319226e-02
7.862702687864164819e-02
7.931040562317580311e-02
7.802352738572471136e-02
7.912480383265342587e-02
7.974768579103630461e-02
7.465156574208857421e-02
7.892246264013771939e-02
7.414351020790546642e-02
7.873480513358106780e-02
7.391444470694429059e-02
7.814481463174645370e-02
7.670904381867059418e-02
7.428300522451643240e-02
7.564036515457098209e-02
7.391268266462920622e-02
7.483804855376850751e-02
7.369330839640100828e-02
7.368273614251048820e-02
7.677893816383567216e-02
6.951491871989387561e-02
7.593697561094377158e-02
6.873550866918752555e-02
7.468122678772586009e-02
6.748739536266831762e-02
7.383485912904624859e-02
6.932608651846050574e-02
6.862831776168645814e-02
6.802188153157771866e-02
6.733057359662567021e-02
6.621138305282692205e-02
6.563402052091708849e-02
6.499381181310252831e-02
6.373336421037771593e-02
6.624515553053272887e-02
5.939609705179366844e-02
6.395508786835936432e-02
5.745579478916486987e-02
6.122950208064058958e-02
5.604439889478102926e-02
5.922547262094951526e-02
5.699384602889317336e-02
5.508966563372362513e-02
5.581944482588838824e-02
5.388824644855419455e-02
5.472022409499394113e-02
5.261282148615115811e-02
5.327241265943165327e-02
5.328856471398661643e-02
5.026578112245667918e-02
5.188069290423295149e-02
4.893837591175860535e-02
5.056062953651439817e-02
4.790376339908396924e-02
4.899946004534824762e-02
4.805324332214709615e-02
4.591177456187931633e-02
4.697692914134876663e-02
4.482195138999865713e-02
4.548447930047097576e-02
4.393681880038715487e-02
4.431007809746619064e-02
4.383814443074234013e-02
4.167876157360451972e-02
4.256506885809274721e-02
4.043652174146893097e-02
4.118039727215437595e-02
3.952495851713113545e-02
4.018220030065819404e-02
3.948472521760333642e-02
3.814645407929556642e-02
3.810387139001432388e-02
3.725926577364979675e-02
3.673652655350763407e-02
3.639057891231242681e-02
3.580881127461488234e-02
3.608809498155600426e-02
3.389464597299318704e-02
3.521999546765699346e-02
3.275930337463947573e-02
3.414397496057784698e-02
3.160575300569654772e-02
3.293756332218233940e-02
3.066306036712556846e-02
3.133204909941986194e-02
2.935885538024279179e-02
3.016939484518232559e-02
2.825053076405373287e-02
2.931362962748891923e-02
2.722472846295453247e-02
2.864317252659871749e-02
2.562861179920584986e-02
2.750577421221074223e-02
2.487093360371889564e-02
2.620626800483485952e-02
2.398844407758001993e-02
2.503157312811089830e-02
2.372531242519385422e-02
2.354029798210982918e-02
2.273974342362244591e-02
2.282285308615067052e-02
2.195680928828592712e-02
2.208778776704064736e-02
2.115948514070953995e-02
2.161233001568662465e-02
2.014043733515150439e-02
2.040562470357193750e-02
1.935720952609579909e-02
1.962063485220114784e-02
1.867324343412327461e-02
1.886971115225535497e-02
1.825094062594101105e-02
1.784449619859452066e-02
1.756991127116029269e-02
1.713145640842307638e-02
1.679549367368002311e-02
1.678521509350868607e-02
1.628508874974346141e-02
1.606894489242625262e-02
1.625043525088010199e-02
1.549980522465349043e-02
1.585074531907477643e-02
1.534210243745329910e-02
1.556411976915412880e-02
1.492156167158612164e-02
1.519820231505461527e-02
1.507427200556023597e-02
1.460057629652129936e-02
1.509776590309471443e-02
1.493800739986025916e-02
1.507838343762877252e-02
1.543666537502957903e-02
1.505635790869019539e-02
1.606042835457000342e-02
1.504813504455313096e-02
1.690297825490026315e-02
1.562138614439442102e-02
1.813435215942615572e-02
1.700576405661360924e-02
1.965705039337959162e-02
1.960007769185848070e-02
2.176827076057173335e-02
2.092660188139901581e-02
2.398022121344295376e-02
2.302548795238554963e-02
2.613960407058077418e-02
2.604034235349759682e-02
2.781207590131651655e-02
3.005398107354419548e-02
3.013826543094913837e-02
3.329790097561741852e-02
3.173144535750600792e-02
3.602965391143898854e-02
3.833029382750286623e-02
3.993698274514206198e-02
4.370070513016563463e-02
4.185496580511311598e-02
4.840447709028755652e-02
4.414943857307419145e-02
5.270268564422053714e-02
5.268888297941902443e-02
5.338694540991224813e-02
5.628403664963271824e-02
5.201871955224800920e-02
5.861198822158042443e-02
5.459658745921874140e-02
6.462642599040711866e-02
6.772233433801311264e-02
6.760280913430645466e-02
7.035130147212133311e-02
7.072749750639217847e-02
8.219574991412904874e-02
1.188024726837586809e-01
1.301964256405427345e-01
1.533076663189291422e-01
1.560027100398530819e-01
1.165344305505238987e-01
1.255728266057572484e-01
1.029182485606972564e-01
9.542575096323266393e-02
7.677688244780139781e-02
6.741456428031142312e-02
5.979461228872227224e-02
4.591941007857801987e-02
4.450830785791336230e-02
3.369905927601864887e-02
3.217665471578439601e-02
2.464333647135362806e-02
2.327540428740857217e-02
2.069636168556111822e-02
1.443318227658813360e-02
1.524959521591128658e-02
1.043040948415123632e-02
1.114844172754875760e-02
7.688965315596690137e-03
8.360009763925252760e-03
6.358036020268441509e-03
5.097001070105269122e-03
