3.735809752338876966e-02
2.087747375767782382e-03
2.750914620688196290e-03
4.543943409688875647e-03
8.321101411462196798e-03
2.177525335360210035e-02
2.775017624626810800e-02
5.773022416159285901e-03
2.726124007280050429e-02
2.622559019417219917e-02
2.404839857860786856e-02
2.245477653577108296e-02
2.173263990274372157e-02
1.743953642753963071e-02
5.579684969579784201e-03
2.101891960962341127e-02
2.259031811440496626e-02
2.015319178310552226e-02
1.646828346776443852e-02
1.323673899600056637e-02
9.349728505375026408e-03
3.833872030820209987e-03
9.116179657017373095e-03
8.612042730210010821e-03
8.019268358717015696e-03
7.652286600765370941e-03
7.272726173584444752e-03
6.121832947862801064e-03
2.873419123779778848e-03
7.113292457915934563e-03
7.277621953007502517e-03
7.333070780630454935e-03
7.440759591685218097e-03
7.329880272691833079e-03
6.741121540500898471e-03
4.667621432941791194e-03
8.899060090918370358e-03
9.343750887053241250e-03
9.367074600259721676e-03
9.797004713115333926e-03
1.000724818451902837e-02
9.497793744480630823e-03
8.112031460219833179e-03
1.231301360275933315e-02
1.348288484984002354e-02
1.425749983758196893e-02
1.615847414517269931e-02
1.775567175725104724e-02
1.797768710277310861e-02
1.679234005856484677e-02
2.166569424479021511e-02
2.260159490970526860e-02
2.245428145695302011e-02
2.411528922780381209e-02
2.493669833197888208e-02
2.437390373335742225e-02
2.358762688901224272e-02
2.768271717324402234e-02
2.864225326765840879e-02
2.913608522054907113e-02
3.083330709012847837e-02
3.242115321342120549e-02
3.225774053095568222e-02
3.306378385551830834e-02
3.773648443040836242e-02
3.815350582148931829e-02
3.899693676494189049e-02
4.104527953404243923e-02
4.327755325217930854e-02
4.515989792720889046e-02
4.745279129617957503e-02
5.515168865085287586e-02
5.513408584843288579e-02
5.473276028950974786e-02
5.761171696155081845e-02
5.848905163591437695e-02
5.794195286945073853e-02
5.710708495592538986e-02
6.921201876507848683e-02
7.583632004076926170e-02
8.052990560728053027e-02
8.658917526154229216e-02
9.200713448388846138e-02
8.980603239503698321e-02
9.011151436203380938e-02
1.113741227676588730e-01
9.516573734312451516e-02
9.317922441752417295e-02
9.823537270512956721e-02
1.053233427983142623e-01
1.008587036807779280e-01
7.548765619908590074e-02
7.293226103902719637e-02
9.575544956044654277e-02
9.731634139253365900e-02
1.017467833991186760e-01
1.066731293551292092e-01
1.088473688340376860e-01
8.648066131912408860e-02
9.173227405860140404e-02
1.200804871808359847e-01
1.291438584305933945e-01
1.429945318334959747e-01
1.511021075843532735e-01
1.510670119970284053e-01
1.345919441158312801e-01
1.377403520186657737e-01
2.077180193440034961e-01
2.187953162168799204e-01
2.269638416711163842e-01
2.488649183895163264e-01
2.412098996871253620e-01
2.032718631690081657e-01
9.273506537271239414e-02
1.632767374893379642e-01
1.518217688232903206e-01
1.434884921401543001e-01
1.570967419484791405e-01
1.509433706462805502e-01
1.198570049351122546e-01
9.652845095796665220e-02
1.159975905045305539e-01
1.118839989415052610e-01
1.142289672676350815e-01
1.119434083996727058e-01
9.186123292258031869e-02
6.052039669892812779e-02
4.276809881214091447e-02
5.348910396228528236e-02
5.483340797959652263e-02
5.496491558267582039e-02
4.521211957438817791e-02
3.219273851576938406e-02
1.927594879000456285e-02
2.663877930847630832e-02
3.272656183540795238e-02
3.653056411087175076e-02
3.827228806531918215e-02
4.130114360171793092e-02
3.426214963901634547e-02
1.991113491357820661e-02
3.309699080883350686e-02
4.492924620674951935e-02
5.158118021498916267e-02
6.407929828694615415e-02
6.768039159201458266e-02
7.078732289164697822e-02
5.490671631717473911e-02
6.531365813414255483e-02
9.978425429181557449e-02
1.045145857083785434e-01
9.609452354206149405e-02
8.309166344696394813e-02
6.114604797119094909e-02
3.886990320747766431e-02
4.548439458806979863e-02
4.630628043481040818e-02
4.927084906987117680e-02
4.637056733614840220e-02
3.704357578389918387e-02
2.595676239596449164e-02
1.447713147027632381e-02
1.210460375660771942e-02
9.236062075998478088e-03
7.394203846534861541e-03
5.423826823152832870e-03
3.937618547582996675e-03
3.603678716673864701e-03
3.505121359374469350e-03
3.101980511451771835e-03
2.866506356579430915e-03
2.641135476846060651e-03
2.106028619531037389e-03
1.741595600679785938e-03
1.884361662806872300e-03
1.771171975995864626e-03
1.530875386710548684e-03
1.302167309018389561e-03
1.153405292316995621e-03
1.178892683320932350e-03
1.131896868110076520e-03
1.113817323124550139e-03
1.096654590765064980e-03
1.023731314489772929e-03
9.715646760680465540e-04
1.014948249532301181e-03
1.093665781604171534e-03
1.094307550442400303e-03
1.068581788155692925e-03
9.564922764959344140e-04
9.437119084889244612e-04
8.400570729887419600e-04
7.533999435753575792e-04
7.371356875893923062e-04
6.951273330641988615e-04
6.424106070668480139e-04
6.014290826828204472e-04
5.981468934815941871e-04
6.066182421462118935e-04
5.773902556280285101e-04
5.564319189967338814e-04
5.447883986460145709e-04
5.766017967696333889e-04
5.863566831107083072e-04
6.101571388827297044e-04
6.322339869177942898e-04
6.602334445170828436e-04
6.637356687485590663e-04
6.552093113263787608e-04
6.367447050379153794e-04
5.889604309686644274e-04
6.106705539533125891e-04
5.898772435947054324e-04
5.913258075438500077e-04
6.003839162891338836e-04
6.843639528344789679e-04
7.366589450238510096e-04
7.834530614569777804e-04
8.453562499672583877e-04
8.854026254727241554e-04
1.020669160318796306e-03
1.064951210156571144e-03
9.027120478523761003e-04
7.734231313280905172e-04
9.636984237366157027e-04
1.041664169455132523e-03
9.939349041434442783e-04
9.720230823810670565e-04
9.747735202591897461e-04
1.001287741404292136e-03
1.015480000855404968e-03
1.040563994303883577e-03
9.755069703600223767e-04
8.960376519347983820e-04
8.461080363206119207e-04
9.486076879119827686e-04
1.308438307380509376e-03
1.275396380337995728e-03
1.184540249097344082e-03
1.168917761949607578e-03
1.165378865213089659e-03
1.147501019005292338e-03
1.082095606263535617e-03
8.728422924959640568e-04
8.061350058252293293e-04
9.204615402925276453e-04
9.206632390702565970e-04
9.457288962662144119e-04
8.357847261513915186e-04
5.656733902672260233e-04
3.379738064637118219e-04
2.982024747460582364e-04
3.158419496710848542e-04
2.682227018745213199e-04
1.886617021866933007e-04
