7.527141281161449371e-02
1.795994428888923397e-02
1.585028241249812966e-02
1.403770304632965399e-02
1.237834150188911637e-02
1.084732037325718615e-02
1.007939920759244774e-02
9.472313363917765280e-03
8.717023749320592513e-03
8.665244032348974959e-03
8.684528843139149162e-03
8.176374078818059860e-03
8.011874642777873021e-03
7.860296029967102707e-03
7.239325122523493534e-03
6.785264252468842759e-03
6.123602394257966243e-03
6.191581352293329746e-03
5.989476535212303818e-03
5.668962979879608489e-03
5.301298062164937555e-03
5.203427647404803430e-03
4.883203364233960724e-03
4.559989935390641215e-03
4.877128648835056535e-03
4.398961765292686704e-03
5.048859888921557182e-03
4.269078564620863887e-03
4.701926142806323559e-03
3.981445611685415116e-03
4.489311103844652664e-03
4.366756131273095975e-03
4.378905562070905221e-03
4.691223072817776556e-03
4.562882657009167432e-03
4.614758798034735571e-03
4.765083898144143945e-03
4.464915818195082722e-03
4.970467133059499297e-03
4.545429903244059544e-03
5.143934006117116542e-03
5.029092957861628320e-03
5.256557301131733508e-03
5.395504362874938183e-03
5.526158955978369147e-03
5.568874811878603975e-03
5.678123265004941800e-03
5.665973834207131687e-03
6.051862898118517790e-03
5.929597197708813723e-03
6.154940211791999106e-03
5.722960450092096432e-03
6.089468279159356880e-03
5.941360932290818894e-03
6.266599266267106755e-03
6.617968518864082023e-03
6.149251192608897257e-03
6.791821088137501607e-03
6.163907648809429513e-03
7.312993099741958887e-03
6.357334301034876789e-03
7.897997835061894983e-03
7.521944024653497152e-03
8.138575849669316131e-03
8.169142274771744316e-03
7.692807448254439934e-03
8.571616275962678708e-03
7.109056225635867511e-03
8.764560807918372193e-03
7.785278115993325698e-03
9.008610088468026536e-03
8.619346182668359557e-03
8.937063440436480988e-03
9.228360507422060655e-03
9.100405787829255605e-03
9.648480110486006706e-03
9.571630139487162514e-03
9.665643592089261105e-03
1.028507171466965832e-02
9.809122584368158010e-03
1.135721077054939118e-02
1.013088965240221441e-02
1.193855139181919378e-02
1.071955850177228227e-02
1.215145570294271643e-02
1.271167945639727591e-02
1.242288941481441665e-02
1.445589416831458314e-02
1.352173793363854390e-02
1.516567162944694458e-02
1.507580441116473241e-02
1.575356908638540429e-02
1.564007797488523033e-02
1.537635818732959771e-02
1.542331670160367214e-02
1.509827121573528545e-02
1.591131883864902938e-02
1.654684977823922196e-02
1.653797876527574040e-02
1.642082353972543207e-02
1.560999367005255940e-02
1.532255356522501007e-02
1.530432941902829663e-02
1.542929499294862575e-02
1.509113583574291963e-02
1.533383517953726405e-02
1.417452877888594059e-02
1.490002336081229506e-02
1.354208340902217887e-02
1.508968947493365825e-02
1.343707761426967892e-02
1.471141791128439090e-02
1.400000124123486518e-02
1.315995488321487598e-02
1.384283003329494360e-02
1.276818395201248860e-02
1.338799777080868642e-02
1.209919386570134335e-02
1.269114113290574150e-02
1.231084466412350580e-02
1.194665101235106719e-02
1.243908865587816347e-02
1.108134155219595018e-02
1.228519586577257391e-02
1.082321435976946883e-02
1.196342879773851751e-02
1.071859426123277295e-02
1.154976960628928059e-02
1.062940201132821574e-02
1.093304135721951016e-02
1.046577039177359024e-02
1.081511473923759369e-02
1.056499074328903602e-02
1.136608178351287100e-02
9.969186513926604071e-03
1.128662836305735322e-02
1.023396696607569399e-02
1.083169967651714458e-02
1.055100925546615873e-02
1.054744156546997581e-02
1.093043790776283657e-02
9.761971221986180669e-03
1.076661344010030642e-02
1.085551641784300927e-02
9.807097679235189658e-03
1.143782127965232119e-02
1.030580288626909390e-02
1.206737392789755670e-02
1.005481107383497663e-02
1.206023854790519260e-02
1.090179996373942702e-02
1.272296107070952989e-02
1.059922128244159510e-02
1.285853329056445282e-02
1.197798882988510005e-02
1.169623774424065343e-02
1.184077740111300937e-02
1.211211468893076161e-02
1.367842702130870995e-02
1.353417663659820663e-02
1.421898026775729462e-02
1.527819850040761096e-02
1.426333533257469373e-02
1.344295948156068281e-02
1.419063159589573769e-02
1.541473496080204494e-02
1.324895428501153029e-02
1.465375632702177119e-02
1.247679046097295574e-02
1.390984475079080039e-02
1.133484039003278959e-02
1.244111356101113355e-02
1.336659163083159241e-02
1.274465648284847478e-02
1.246647308720021281e-02
1.314693763593150974e-02
1.356763578331915757e-02
1.304009978415394261e-02
1.283057031491870170e-02
1.339995435349859536e-02
1.415861880998404640e-02
1.254689074819523818e-02
1.559659072655338735e-02
1.444171983238380468e-02
1.742160879568152229e-02
1.541164939107561582e-02
1.856510165148490127e-02
2.116884038032026960e-02
1.774453295236299091e-02
1.955875152744862913e-02
2.129496304288800920e-02
1.931788424067935189e-02
2.257123182098173808e-02
2.027797854586817564e-02
2.686875548151811122e-02
2.206201639206719148e-02
2.802121577433892147e-02
2.511952671879535970e-02
2.973717823844862149e-02
3.026355714896642943e-02
2.799739903301305677e-02
4.035732354059755334e-02
2.752549971297749490e-02
4.040196787757680680e-02
3.477851705116200703e-02
3.504782943384679439e-02
3.879043266389590322e-02
3.880711402522940556e-02
4.136427993600649833e-02
3.244987614824847849e-02
4.729445567803901990e-02
3.930784413739627642e-02
3.497830769094821546e-02
3.737251695054834288e-02
3.624599472824031887e-02
4.039174692785801879e-02
3.218461357582962784e-02
4.748142191864975631e-02
2.958444253699044069e-02
4.820489159544314589e-02
2.626803362540418296e-02
4.759809502393030911e-02
2.152175241778045769e-02
4.206007590931598594e-02
3.198125524604724518e-02
3.717156922211473091e-02
3.104748470758700654e-02
3.306650797326429747e-02
3.187316388156831437e-02
2.838203458422308006e-02
2.627854384728482706e-02
2.301748234266637327e-02
2.583181120533044328e-02
1.731264961471703709e-02
3.737820596973144560e-02
1.746133550590928118e-02
2.608309228992641143e-02
2.496187339058568780e-02
1.313083481892171264e-02
1.983423504958626779e-02
6.033542327867852037e-03
2.065692507789509968e-02
2.153149124722949885e-03
2.468465423547693341e-02
1.559080528331633448e-03
2.492802854764893106e-02
1.813157910492178533e-03
2.790396412473466342e-02
3.696512532260591392e-03
1.764531260084754513e-02
9.074961408472699276e-01
3.024048287285598380e-01
7.143190340734475140e-03
2.262397577849286408e-03
4.581106803205881842e-04
