1.108682174729562139e-02
6.457839931795501809e-03
7.092710639599217673e-03
6.994676042155284490e-03
7.721695908448323285e-03
2.514427676808096181e-03
6.620698435439495606e-03
8.617207484241912185e-03
7.830912839906015166e-03
6.456158377808469441e-03
5.823137379390488574e-03
3.862613585910544892e-03
2.739167367174847201e-03
5.508266395318852683e-03
5.378534505219378405e-03
5.033311471681825924e-03
4.764599144554204115e-03
4.613847829616836080e-03
4.048509379176869205e-03
1.078380571883255472e-03
4.096769978604671361e-03
3.954090122805054702e-03
3.816454928966532111e-03
3.571368435356700888e-03
3.334941944780081980e-03
2.986860269464576556e-03
1.187429347942243639e-03
2.739251444874198516e-03
3.370254578507742623e-03
3.051011554069825351e-03
2.904127813302630375e-03
3.033523392604698526e-03
3.255908907389604926e-03
1.706020597542736578e-03
2.320544502103372674e-03
3.561615422231918879e-03
3.715309456646591606e-03
3.571536590755404385e-03
3.418094789438786470e-03
3.164432370495095549e-03
1.969688262709264753e-03
2.482562228753850721e-03
3.743727719027422750e-03
3.896833209546634539e-03
3.943748565784810887e-03
4.040185686941063885e-03
3.716150233640107357e-03
2.147092208341080683e-03
2.777927186575921293e-03
3.984610327669674788e-03
4.388771828452679366e-03
4.453847967750795660e-03
4.249539158326477023e-03
3.995288195487324730e-03
2.708394929212171436e-03
2.683255697106051545e-03
4.176980103786070292e-03
4.751987489651467861e-03
4.664462604626481990e-03
4.450905248273490100e-03
4.279302663896933541e-03
3.471568206226385758e-03
3.253554731807761172e-03
3.599786697737532033e-03
4.874572775306058696e-03
4.879365204169098386e-03
4.763590212161984867e-03
4.394405034309233939e-03
3.423643917595990162e-03
3.398420607790518522e-03
3.819061337646431110e-03
4.822528679407436965e-03
5.208193086333095037e-03
5.138240440472586872e-03
4.854225972062978928e-03
3.766008309355589265e-03
4.119470957429595750e-03
4.563821598502650241e-03
4.947468140643871554e-03
5.674319851538206852e-03
5.826668642763254205e-03
5.487331048180311976e-03
4.157053689039747965e-03
4.569622959757909178e-03
5.949085773019142410e-03
6.177524882157362125e-03
6.577986964168896708e-03
7.379163361290021553e-03
7.681170457360866378e-03
7.484428640878188627e-03
6.097903300871423266e-03
6.134897488586114542e-03
7.851595953946501061e-03
9.025404714593791150e-03
8.912740597462684086e-03
8.592824951429956296e-03
9.018678498645665148e-03
7.365038307798957296e-03
7.154087360125864839e-03
8.911143121175003901e-03
9.779581677777387030e-03
9.644805125716818250e-03
8.765100157401325975e-03
8.678920515565964611e-03
6.745806052074633692e-03
7.324512856711499521e-03
9.144542814574968537e-03
9.760496040024581321e-03
9.836165969440995374e-03
9.268305188020480381e-03
8.224900939067478559e-03
7.040834699099297704e-03
7.755663298986358554e-03
9.303533744048788842e-03
1.018038007058632774e-02
1.034416342892318860e-02
9.927306195538098191e-03
9.056597541053224357e-03
8.528505511426002703e-03
8.731384999961344651e-03
1.043748967520343428e-02
1.095725801259484801e-02
1.147341100891414480e-02
1.060497245231176340e-02
9.487579827929379025e-03
8.877091652937617317e-03
9.485814196242996210e-03
1.068930238476138890e-02
1.150746247715153311e-02
1.202706265914424422e-02
1.128423618537310880e-02
1.018962861751500186e-02
9.182882245479284319e-03
9.526760035827211426e-03
9.767726722168815212e-03
1.071133074199150277e-02
1.126447792602549083e-02
1.042143083462728284e-02
9.854831218697042775e-03
8.479572290403388293e-03
8.812351824436907149e-03
8.914590306848419951e-03
8.864816308832288924e-03
9.437217286017788795e-03
8.973360618695167684e-03
9.043313264555674982e-03
8.450229173329689217e-03
8.660423421708618105e-03
9.170943212171361186e-03
9.518184110493351294e-03
1.059681691547465984e-02
1.051492523630622941e-02
1.116720002787572295e-02
1.127608064853600871e-02
1.038864053188016945e-02
1.035593430683240911e-02
1.116156682201916751e-02
1.189800339063958046e-02
1.227366255134240171e-02
1.227795051400933264e-02
1.278947923686429497e-02
1.128238647598737640e-02
1.007503071329880935e-02
1.175212858226460516e-02
1.530382283597303897e-02
1.297520687473191492e-02
1.404501152128131113e-02
1.321499647328259683e-02
1.097827743743274090e-02
1.115761517014964184e-02
1.456646141265975636e-02
1.708568151833089396e-02
1.577045406737426214e-02
1.802701544027108735e-02
1.839847071600633072e-02
1.797782998615041553e-02
1.289600568194273350e-02
1.236858627391032583e-02
1.755845042178478047e-02
1.937772368035408158e-02
1.875924812392392241e-02
1.982426034161027806e-02
1.952771829599728518e-02
1.595012811088856661e-02
1.017113152365765535e-02
2.121313985719888717e-02
1.904183327144455540e-02
2.721477419231276354e-02
2.363827701729561553e-02
2.881283902388807883e-02
1.650478869351088354e-02
2.068656122615999265e-02
3.219671418969077825e-02
2.509937927662722612e-02
2.873204035481122243e-02
2.571911599854765501e-02
2.964075212940300505e-02
2.358152457023330456e-02
1.343738198806750453e-02
1.795840803760020282e-02
2.766324464065404373e-02
2.707268288040860782e-02
3.229172198995804849e-02
2.557988332842145440e-02
2.599531124091757073e-02
2.505633149455921763e-02
1.999241574031342117e-02
2.626654589902573805e-02
3.806323566194667191e-02
3.456408997033297986e-02
3.338044411886155471e-02
1.850945327915040281e-02
3.473232944673546735e-02
2.309067896141882986e-02
3.166845400466485744e-02
2.703013956453671068e-02
3.552148273284932295e-02
2.883823048909225223e-02
1.887157593025762248e-02
2.113889924867145068e-02
2.436294270800681144e-02
2.188147348934453215e-02
2.274158835371110562e-02
2.661563650673346229e-02
2.285929713280330372e-02
2.518387736447555425e-02
1.639607622824930389e-02
1.453072839043533827e-02
1.922049838256664409e-02
2.059012410500374313e-02
2.099529453817896782e-02
2.163008116828333063e-02
1.736986414213920193e-02
1.434508483026706964e-02
2.278463613577910718e-02
1.621354354295704084e-02
2.270097882492429567e-02
1.863792400375960390e-02
1.621043266808103178e-02
1.877766114008191586e-02
1.557867283515332671e-02
1.527557272899091045e-02
1.631098959650551308e-02
1.710384230139083001e-02
1.360848010624795060e-02
1.515651870670908612e-02
1.323618405351919235e-02
1.422401294320080681e-02
1.621219829976741633e-02
4.681706940763489394e-02
8.913512430742731585e-01
3.792839184772662797e-01
8.404675875821009112e-02
5.099379727832290682e-02
1.560313944566463218e-02
