1.475509861379224524e-03
5.024533921047348063e-03
2.380818764550502592e-03
1.627965054593701619e-03
1.705660051743531670e-03
2.752457259863605281e-03
4.116599143220906788e-03
4.944599207279879068e-03
4.927531022021317680e-03
5.165713299566124239e-03
4.194448603585746414e-03
1.551582994771453497e-03
5.782407685491960762e-03
5.329289844261292895e-03
4.527162368716428423e-03
3.599301836153749167e-03
3.830687732238133129e-03
3.860267437912471601e-03
3.780332724145003039e-03
4.685178237671251515e-03
1.667584869243664628e-03
3.372627068127157998e-03
4.065549050660232852e-03
4.436569693113298109e-03
4.349993061100415441e-03
4.012104778266910830e-03
3.704336822360278312e-03
2.942601477540425590e-03
1.661946961895814168e-03
3.323430534146599395e-03
1.655150580435391788e-03
2.865060943605605547e-03
2.538448475467801422e-03
2.616838557085174669e-03
2.700789314442893479e-03
2.438742470179103370e-03
2.634138437166250093e-03
2.215156966452704133e-03
2.933410916247354040e-03
1.323440826202271258e-03
2.775626742115045419e-03
3.020759864335284366e-03
2.635914764138860746e-03
2.763115221699267900e-03
2.847065979056986711e-03
2.928236398544532305e-03
2.195076748501456360e-03
1.983462143938301021e-03
3.098841019522638029e-03
2.965384801754341899e-03
3.234923111946097583e-03
3.539987961590061998e-03
3.335246970094834368e-03
3.265352365302989258e-03
2.123328585129495918e-03
3.671590620778242796e-03
2.532269946867417559e-03
3.238707460713832927e-03
3.627568604500505927e-03
3.411320103487063340e-03
3.628186457360544227e-03
3.745578500767842399e-03
4.286276984908954195e-03
3.302655231727808210e-03
3.117685531753809636e-03
4.408225693159035369e-03
3.862970544175139704e-03
3.979744734722398709e-03
4.205029333813904355e-03
4.168344320249123269e-03
3.641470293851370270e-03
3.321808670388998967e-03
4.502216559492378499e-03
3.271299199080858651e-03
4.051801824524378301e-03
4.130269137749256227e-03
4.352232777718054169e-03
4.085011415751442325e-03
4.220089497277339750e-03
5.056121648516811659e-03
3.509404245018160531e-03
4.710741899755341473e-03
4.459353017327213550e-03
4.754918379248087267e-03
4.557746085288329890e-03
4.735378782549372681e-03
5.203711250458486169e-03
4.072731590158179711e-03
4.626636679182612004e-03
4.982519926564735885e-03
4.448772287099055610e-03
5.173745386746623001e-03
5.069096558577618553e-03
5.204020176888505753e-03
5.548473146359918055e-03
5.431776187420163729e-03
4.835548177483099674e-03
6.150570758467347257e-03
5.833612241267644057e-03
5.333923740711580576e-03
6.358864403907795761e-03
5.994176753270125460e-03
6.329979782701000701e-03
5.803414682733266418e-03
7.109478397246957355e-03
7.224862418859130837e-03
6.686944272588190956e-03
7.484283388467757522e-03
8.717440465496915231e-03
7.130794320918282594e-03
8.727866732510063813e-03
8.530462743727791966e-03
8.659053370223285945e-03
7.754207856697037035e-03
7.786799595064062759e-03
8.667471615441310270e-03
7.206712991095502209e-03
7.876928881022164999e-03
8.063906602791288264e-03
7.876388259769632680e-03
6.960962016015224962e-03
7.607931192082944237e-03
8.053712030600655020e-03
7.394926418584702073e-03
7.458101873523629265e-03
7.874534701189516914e-03
7.716596063842198934e-03
7.043831530867876098e-03
7.615808816048433641e-03
8.556567027064415978e-03
7.900484521311130701e-03
7.861096401483681079e-03
8.416082733013181480e-03
8.837767309989395109e-03
7.623995366443941761e-03
8.630477675446510469e-03
9.254972453730331283e-03
8.863253740465979955e-03
8.874452323554176195e-03
8.910056094613890906e-03
1.031628920406130710e-02
7.906199660266486490e-03
9.563667188927021251e-03
1.118661218903291114e-02
9.424418600595865086e-03
1.104875376963684007e-02
9.528295112689821877e-03
1.179874991011596423e-02
8.722151593554708024e-03
9.288568202994920003e-03
1.272946801215632182e-02
9.128389849029963296e-03
1.102488920291785739e-02
9.645996082527140067e-03
9.493077499667632729e-03
8.591939103301613617e-03
8.166856335595188907e-03
1.044016870249900829e-02
9.206007614572287584e-03
8.819695113833273328e-03
1.285095333076137492e-02
1.141992887530491468e-02
1.497551762161094570e-02
1.091452523579349715e-02
1.718534560714582091e-02
1.331048139541494112e-02
1.790916023268081247e-02
1.030972451742340028e-02
1.808354920242665267e-02
1.830860210669564558e-02
1.528421235680763567e-02
2.004724005484372767e-02
2.029986464299193133e-02
1.859868402448367972e-02
1.089606688159984807e-02
2.273188796331811895e-02
1.518388849865890018e-02
1.737355903463502077e-02
1.562619391483889564e-02
1.986165250200969123e-02
1.900337764780883620e-02
1.714557132928084746e-02
2.573117744076706612e-02
1.338879424542480795e-02
1.240609927153371941e-02
3.723065487180192423e-02
1.766178739384293914e-02
2.949374689518596479e-02
2.100722893612840675e-02
2.933341407800599959e-02
2.075854315996294649e-02
1.372768653915587556e-02
2.459201123007125067e-02
2.496573497878698186e-02
2.198142843319396758e-02
2.953444795234099612e-02
2.180526313647551673e-02
2.705461826696934149e-02
1.492663001406040711e-02
1.895263648167818185e-02
2.767370683272782350e-02
1.524551932144773032e-02
1.880249823668884990e-02
2.533521098908995267e-02
2.068262448978572601e-02
2.959777787049493528e-02
2.229854141360868014e-02
2.439746481076665932e-02
1.225140436170160316e-02
3.855927021570702135e-02
1.900005668868613024e-02
3.686913371707195575e-02
1.554023513568605214e-02
3.919287832367641250e-02
1.840336528910403724e-02
1.186377892363500719e-02
2.633026302018181067e-02
2.348659523185503417e-02
1.978372581003734823e-02
1.972773289459636703e-02
1.664696407122985208e-02
2.421720623885045137e-02
1.012027538421412381e-02
1.690816136781108855e-02
1.745148572660736377e-02
1.780706004755946981e-02
1.055161391212843663e-02
1.298734434961485232e-02
1.839355687495092956e-02
1.438253333918908423e-02
1.370691123673708350e-02
1.989455316680673741e-02
1.511376219904454060e-02
6.760545994540266730e-03
3.072597719292506635e-02
1.488214460813764260e-02
1.968015822437340842e-02
1.791448921359864443e-02
1.361068065378610165e-02
1.878187739748506460e-02
8.148629676224055166e-03
1.165146923460430931e-02
1.439550824924989113e-02
1.287806162499556019e-02
1.166575708199269618e-02
2.178711370871188810e-02
2.011466324819542045e-02
2.663942114502352784e-02
4.192139378521352738e-02
1.273166911297020920e-01
9.138765143182157047e-01
3.230894711298646915e-01
1.791000978036336871e-02
5.763949331298313418e-03
3.622239623582674834e-03
