9.393151944709412504e-01
3.547386574521504271e-02
1.082120178896375448e-02
1.008714130222762746e-02
1.438779854270833165e-02
1.235442170658072707e-02
6.994342385315454637e-03
8.453144491527729218e-03
1.010817531690015245e-02
9.514696599114578698e-03
6.917128913732763749e-03
7.169537089803075698e-03
7.586756089699888198e-03
5.891920388459836490e-03
7.027224674075668864e-03
7.906659490067481297e-03
5.985774694435348764e-03
6.389414773467619324e-03
6.631838448902237573e-03
7.798294376501430612e-03
6.072440159953161089e-03
5.874214540665875783e-03
7.177125310286201591e-03
6.724361488126323096e-03
7.635347326126925606e-03
8.530091709760134408e-03
7.351255001372683333e-03
6.596426753314314426e-03
8.778372958901027590e-03
8.035526111605489907e-03
7.105902539084926750e-03
9.305554592465601488e-03
6.687219145761547252e-03
1.006504227415396142e-02
7.200289351761008684e-03
1.002270799145862402e-02
1.046988049326251329e-02
9.964398507746177747e-03
9.580860556660436567e-03
1.104645212330498255e-02
1.239449283579864038e-02
1.029441953542460826e-02
1.157150373006727608e-02
1.246225431344620722e-02
1.205741609433765536e-02
1.414870303415227681e-02
1.450095621657951708e-02
1.559432559952543887e-02
1.413991667359286615e-02
1.700253956918353765e-02
1.677063290108517929e-02
1.764780456359957284e-02
1.704367571180259375e-02
1.773686630926995036e-02
1.951384116907296448e-02
1.723537812400788988e-02
2.053172772721305328e-02
1.829879400504673403e-02
2.082953209950698034e-02
2.144550922539164781e-02
2.043893843463868293e-02
2.270741697906806383e-02
2.033536588137776352e-02
2.257309216384921144e-02
2.021222370687088613e-02
2.252543281414817050e-02
2.244955060931690810e-02
2.104253477973509409e-02
2.395135263160023259e-02
2.231043323379292356e-02
2.471270408674058894e-02
2.206587953155602147e-02
2.437070165829932633e-02
2.367018909369912605e-02
2.249894060579480173e-02
2.497802555029973032e-02
2.328225796233367867e-02
2.446988103128053954e-02
2.251118825990791605e-02
2.529886083739332076e-02
2.411696221547758937e-02
2.278076977707162165e-02
2.497376549669516610e-02
2.327613413527712324e-02
2.315245945406967445e-02
2.003503210225612841e-02
2.365221699255487878e-02
2.093576718627074978e-02
2.015298233643244424e-02
2.128948476212455532e-02
2.020862928664203528e-02
2.139119354193348005e-02
1.988193642584217338e-02
1.945273602518252792e-02
2.180827941515514970e-02
1.939908597510007007e-02
1.896975244776528610e-02
1.999070091943365088e-02
2.016602875059641392e-02
1.790354090654844646e-02
1.901900931756803775e-02
1.990070728703727254e-02
1.880254534378621861e-02
1.859806277076723330e-02
1.855985541500131467e-02
2.096785071498010952e-02
1.837028302959829371e-02
1.874916154705404819e-02
2.142980027772482809e-02
1.877245871520399900e-02
2.051588565287108465e-02
1.888135633547061848e-02
2.022433823430886193e-02
1.963485331677756324e-02
1.968637334005773551e-02
2.169924866821338477e-02
2.074459728076602158e-02
2.082314201910013748e-02
1.977703260582982722e-02
2.037117695699111608e-02
1.771649792797313702e-02
1.903258823843257883e-02
1.964550345078896684e-02
1.887776191524177111e-02
2.064182348755595753e-02
1.922828445089215521e-02
2.050976182581452922e-02
1.892435625154166925e-02
1.881186421104619547e-02
1.987528009208504309e-02
1.834751836814891776e-02
1.910554165641070723e-02
1.760174273400024261e-02
1.792617244132268389e-02
1.714578387163694442e-02
1.706164781294683755e-02
1.813198628109309596e-02
1.708308120764479021e-02
1.817804811069242618e-02
1.710131956213932491e-02
1.779011697932697880e-02
1.722459486332134429e-02
1.805676970963754346e-02
1.884953906011154617e-02
1.895936856710416646e-02
1.942198376322459494e-02
1.849848401776059068e-02
1.974228654361761745e-02
1.835257718180433387e-02
1.834139454109235887e-02
1.839704149130194991e-02
1.742415174936005548e-02
1.742268735593348675e-02
1.651037025118146095e-02
1.647602356899467366e-02
1.628645118359165964e-02
1.643049424609591830e-02
1.701545285667236534e-02
1.634822196085780957e-02
1.700879652291523852e-02
1.685636647987699341e-02
1.665467956703600358e-02
1.619738943792127517e-02
1.674693635290980254e-02
1.691334469683801467e-02
1.626009210191342938e-02
1.752279861564070076e-02
1.618740493728558494e-02
1.736264722544418951e-02
1.651076963120688690e-02
1.686648410718782909e-02
1.792590618797239993e-02
1.712887678389383647e-02
1.775750094391704767e-02
1.753304936962667843e-02
1.737955431318729399e-02
1.830278780530101429e-02
1.757924432590114716e-02
1.851179668527484778e-02
1.797050362414516142e-02
1.874556712682519735e-02
1.868898828988960550e-02
1.861217419833234576e-02
1.892076183131282188e-02
1.776988172470530744e-02
1.930243600894656492e-02
1.839491146449967127e-02
2.021302246692174148e-02
1.957494631296340451e-02
1.933345452425478533e-02
2.127510708120915889e-02
2.054104659447303360e-02
1.959637970766136064e-02
2.297766412960748281e-02
2.063050772016883708e-02
2.432863362895427636e-02
2.156665449977138854e-02
2.280473257859728237e-02
2.436604222466933964e-02
2.172427648314018828e-02
2.497775929694944289e-02
2.389610506141606749e-02
2.626642551232951511e-02
2.437163354502532367e-02
2.518636879689784697e-02
2.704441780186269198e-02
2.515601591496534339e-02
2.848245214675272641e-02
2.631541612878198280e-02
3.053646361752743177e-02
2.684153274894541391e-02
2.883151028897654525e-02
3.049146680132924087e-02
2.674035647583706057e-02
3.185108953456029790e-02
2.847220139276674875e-02
3.384040144121571586e-02
3.010539944341578816e-02
3.124363251588475887e-02
3.352289432100068883e-02
2.809398850868670763e-02
3.443627643915385395e-02
2.904997116288550105e-02
3.558462713893365686e-02
3.116775031105349647e-02
3.290571905503973660e-02
3.442189875823845752e-02
2.727446069650904872e-02
3.527936767283174763e-02
2.938358661079277720e-02
3.600890185261303167e-02
3.085543513116902753e-02
3.255373212596278376e-02
3.260631716264409535e-02
2.678561954538553544e-02
3.360450097286308418e-02
2.731932438603209765e-02
3.216407034782048369e-02
2.796924881407812299e-02
2.942858342699096463e-02
2.948596102397741531e-02
2.448279431876937071e-02
3.066799277256828868e-02
2.560784785039922282e-02
3.114458626957868417e-02
2.655038471040861714e-02
2.892403332820062817e-02
2.787180008787375901e-02
2.496404724940975983e-02
3.298879010032870068e-02
3.144305627524832808e-02
3.866877282196156534e-02
3.908625807520866441e-02
5.543607755616818122e-02
4.792480429127413122e-02
