9.655386909332777101e-01
1.698791722695487671e-02
9.529588788793761506e-03
9.151416118608247247e-03
9.446000580892593979e-03
9.249504321757577585e-03
9.408364563814644935e-03
9.230206533964068621e-03
9.137342593808561036e-03
8.520986178149564036e-03
8.686989800218593641e-03
9.317313123065157701e-03
9.721713725831906613e-03
9.973437908044479813e-03
9.831529866314307059e-03
9.908294547039871517e-03
9.878868086095071027e-03
1.029158486260708938e-02
1.124495955017372831e-02
1.203137105716226875e-02
1.252607677739367258e-02
1.237169447504559913e-02
1.249121281823081277e-02
1.213095190688126372e-02
1.213596293465084991e-02
1.356794408301894954e-02
1.426437032537919078e-02
1.431224163322054703e-02
1.409953949704346836e-02
1.393950646125309382e-02
1.347486690763920192e-02
1.306812071740584037e-02
1.447110187527761611e-02
1.535784055526998211e-02
1.551435520986043336e-02
1.523437736043636685e-02
1.500312375975060980e-02
1.483541425588768073e-02
1.390826750090227645e-02
1.509353549482738560e-02
1.585478524535588116e-02
1.597345064764414679e-02
1.582013452141725965e-02
1.593816021803281038e-02
1.576831836192750524e-02
1.496239583192121407e-02
1.505685903625850544e-02
1.554772652245363027e-02
1.599392122917096468e-02
1.633797626347844797e-02
1.626760863948001692e-02
1.547341404680679933e-02
1.483616057917251305e-02
1.488872306194709803e-02
1.471984076435086178e-02
1.517125973406201721e-02
1.580179629213281783e-02
1.590329625886995057e-02
1.574027792994025024e-02
1.494267157367923024e-02
1.489330761926820935e-02
1.408674538358920675e-02
1.480406867792474247e-02
1.555689563709584944e-02
1.633381817660581672e-02
1.610288442875641365e-02
1.553290667436911174e-02
1.627517848994045405e-02
1.516752811763785735e-02
1.582429260828989090e-02
1.700359001593634845e-02
1.844474027894666551e-02
1.847960423810952532e-02
1.862439095536690473e-02
1.750831779170692118e-02
1.583655363368356023e-02
1.674888054058444944e-02
1.779074784620972294e-02
1.843066675414697930e-02
1.837543883106942250e-02
1.838940573825699129e-02
1.731747226601420414e-02
1.609819325382318492e-02
1.538150966516036409e-02
1.778392431903411466e-02
1.808181392729414638e-02
1.774234345030777094e-02
1.751013029111294500e-02
1.693471503850757856e-02
1.653148722947413857e-02
1.636921522382927055e-02
1.618242116739706735e-02
1.705593926348669687e-02
1.784597576928727974e-02
1.728356786536041495e-02
1.586086244924665364e-02
1.590329625886995057e-02
1.582994334173219372e-02
1.498553185375100377e-02
1.571394337974689817e-02
1.691936210236246602e-02
1.677596141406263036e-02
1.590830728663953503e-02
1.577929997597574477e-02
1.631089539000026359e-02
1.518128178960118785e-02
1.487859438879580998e-02
1.571383676213477729e-02
1.555668240187161287e-02
1.514236636117781247e-02
1.520324501769766863e-02
1.546179272708584664e-02
1.454509449808808787e-02
1.357636687437633639e-02
1.478988853551293711e-02
1.490610173272247096e-02
1.404047333992963255e-02
1.390890720657498789e-02
1.424315342056754231e-02
1.410145861406160786e-02
1.227797759399314008e-02
1.390965352985981847e-02
1.355248452926171611e-02
1.269762451529288065e-02
1.286863916513149471e-02
1.287524945708286468e-02
1.261680836530680409e-02
1.156854400295439893e-02
1.270338186634730089e-02
1.297984133457144237e-02
1.258322381748936888e-02
1.205514678466476988e-02
1.213116514210550202e-02
1.233821654484028134e-02
1.124549263823432232e-02
1.199831959740542929e-02
1.247351429461908759e-02
1.227381950712050709e-02
1.215408792871104995e-02
1.207359163156132911e-02
1.240495917002667516e-02
1.158922781970545338e-02
1.226742245039337369e-02
1.238864667537249373e-02
1.246615767938288703e-02
1.247607311730993852e-02
1.252618339500579173e-02
1.317175303638535092e-02
1.244941871428022900e-02
1.289977150787019640e-02
1.312302878764704146e-02
1.302728617196432723e-02
1.313518319542858817e-02
1.338328237882912240e-02
1.402501378617240259e-02
1.328380814672224658e-02
1.393278955168960817e-02
1.416212403535722572e-02
1.407064612415926189e-02
1.347305440823318330e-02
1.401595128914229910e-02
1.537361996186356952e-02
1.558877430311938345e-02
1.496825980058775173e-02
1.571468970303172702e-02
1.603667489163061732e-02
1.580829996647206692e-02
1.504363845235576896e-02
1.630151304013380612e-02
1.804673673290704827e-02
1.795152720528492632e-02
1.865562991571772730e-02
1.865093874078449857e-02
1.843983586878919848e-02
1.745340972146572356e-02
1.790546839684958869e-02
2.038283523204288336e-02
2.028709261636016739e-02
2.071825423976874497e-02
2.024871027599738776e-02
1.979846410001953952e-02
1.894211143948103943e-02
1.983993835113376583e-02
2.306085641324382915e-02
2.306053656040747343e-02
2.370599958417491174e-02
2.310968727959425775e-02
2.243405147159718838e-02
2.048124328802856942e-02
2.057975796162637636e-02
2.548928576447457781e-02
2.588835548663538308e-02
2.621311273314936088e-02
2.564110924413180378e-02
2.428983762813766156e-02
2.200022440788564071e-02
1.996052287044017270e-02
2.674364197105269167e-02
2.711733670152921549e-02
2.746522996987298126e-02
2.704366393155510293e-02
2.611161276641222814e-02
2.341418717980565598e-02
2.010530958769755211e-02
2.746267114718213206e-02
2.781035118030165953e-02
2.777506075069032312e-02
2.657667879047459839e-02
2.528244759696403679e-02
2.142491577289239515e-02
1.850892408144220666e-02
2.464540736455398187e-02
2.484094406517992765e-02
2.433728246553054642e-02
2.345747393032590264e-02
2.182259946609565668e-02
1.808319995625169013e-02
1.569038088746863360e-02
2.187644136021566973e-02
2.258576833364229347e-02
2.170691935694672031e-02
2.048785357997993939e-02
1.945366274242722043e-02
1.514385900774747537e-02
1.308827144609630080e-02
1.812616685393558108e-02
1.847512629840053489e-02
1.783360812628149300e-02
1.693151651014401446e-02
1.597707564645618750e-02
1.336515738476892062e-02
1.113151841087928716e-02
1.128760659502126354e-02
1.245155106652260681e-02
1.272310612458928472e-02
1.297706927665635314e-02
1.294401781689951368e-02
1.276511346376410505e-02
1.268504363706285908e-02
1.271852156726817340e-02
1.181397774605196134e-02
7.791934946480958205e-03
9.767985769491480813e-03
1.093406259323520015e-02
1.070163619881613591e-02
1.066890459189565217e-02
1.068894870297399345e-02
1.051388258387486382e-02
9.807860756423926810e-03
9.067188205034366552e-03
9.022835278392930120e-03
9.158346263395971201e-03
8.796379470252520955e-03
1.137439333128599690e-02
1.469659812490895640e-02
