9.576024729436315441e-01
4.625256699505721908e-02
2.985732973617740912e-02
1.950009858588415759e-02
1.460756185220356794e-02
1.304803403309423050e-02
1.264286145851284057e-02
9.148522079895799256e-03
1.113618725351865103e-02
8.639488691551023766e-03
1.006688247537249753e-02
8.437883311945872100e-03
9.313199170162857199e-03
9.625474016878104999e-03
7.588763458978098689e-03
9.425945853548221495e-03
7.919040846745667092e-03
9.350242860405130751e-03
8.145688222558211330e-03
9.561541915961530372e-03
1.033218915408585722e-02
8.080025108078916704e-03
1.071508935416020866e-02
8.761121244558366800e-03
1.128493901900865654e-02
9.367783797840725096e-03
1.173211752271212556e-02
1.268002054965929916e-02
9.678789234609975686e-03
1.357876279142513319e-02
1.109175790540875735e-02
1.456313250409367425e-02
1.148238996606327188e-02
1.496322743889107534e-02
1.593421064667455839e-02
1.213694389458096733e-02
1.701182428992177934e-02
1.351771571311310115e-02
1.728463202740694246e-02
1.299610362621253686e-02
1.702428758757338831e-02
1.831827792616099945e-02
1.316978198700575510e-02
1.862755234936752657e-02
1.485359657991861329e-02
1.880342332734019628e-02
1.402882631773314133e-02
1.797680665068782102e-02
1.894859766480057328e-02
1.331357151361595506e-02
1.901206816210042339e-02
1.495087954214365140e-02
1.895090568288420457e-02
1.428709354129142906e-02
1.850257317013892164e-02
1.966292926168430877e-02
1.342193296264242164e-02
1.963627165281837256e-02
1.530527571888516160e-02
1.904576522612142983e-02
1.498376879983539037e-02
1.803762292719149340e-02
1.905141987042632476e-02
1.375671098567307106e-02
1.932572781966584649e-02
1.518237375593181962e-02
1.983533821253152807e-02
1.580403842675778131e-02
1.905684371292286003e-02
2.046311913127911095e-02
1.389161464266129228e-02
2.023820276902928844e-02
1.517141067003457619e-02
1.938308206904407541e-02
1.417642407418133119e-02
1.846760669617191278e-02
1.911269775054672340e-02
1.374078566089601688e-02
1.950067559040506368e-02
1.532662488615874584e-02
1.956853132206380977e-02
1.255030993335924661e-02
1.976355885013061225e-02
1.739149326467905043e-02
1.459752197353977529e-02
1.644705226485732030e-02
1.655899114191341712e-02
1.556769737499398391e-02
1.600968283800928427e-02
1.386449543017862808e-02
1.574887679455900386e-02
1.785078886332158027e-02
1.263005195814869037e-02
1.830004458330031572e-02
1.468003362002957661e-02
1.804789360766365092e-02
1.303580153725098813e-02
1.762298747846722038e-02
1.749558488025079739e-02
1.388169016490167773e-02
1.848607084084095964e-02
1.519102882374543523e-02
1.867428971556105155e-02
1.338915910585486424e-02
1.796376634851530596e-02
1.695770126586064117e-02
1.439003114782136383e-02
1.830893045292229446e-02
1.550757350391540265e-02
1.891882423152173656e-02
1.286166157284104362e-02
1.823807429775483116e-02
1.697454979787114265e-02
1.448154406483732545e-02
1.800565687673320869e-02
1.506858846440882298e-02
1.877053406964845905e-02
1.194607079906470117e-02
1.844279550177288160e-02
1.543544793880193867e-02
1.354437332197903736e-02
1.604684192915574112e-02
1.312639124703349723e-02
1.595313639496032804e-02
1.090365443159284700e-02
1.614504809861423001e-02
1.473588765765344172e-02
1.280834635510917294e-02
1.487852317522182430e-02
1.246352845341472740e-02
1.533020231418837434e-02
1.119723433183068481e-02
1.559112375854283632e-02
1.328483668847475069e-02
1.230808343548219462e-02
1.492387573056516877e-02
1.297256184175950289e-02
1.547376103899020944e-02
1.195114843884869001e-02
1.581650172440938681e-02
1.355348999340937749e-02
1.238436343314618972e-02
1.371355104750917285e-02
1.273391277191207767e-02
1.487286853091692937e-02
1.132971456983109318e-02
1.503650701304635497e-02
1.346301568453104995e-02
1.161406239773440929e-02
1.370731939868337010e-02
1.235239738268790674e-02
1.461552451459209416e-02
1.118500183598744244e-02
1.517487269716002139e-02
1.373663122834548229e-02
1.172553967117377638e-02
1.395739315804476847e-02
1.262001207948489773e-02
1.470565262075787701e-02
1.180620490319667440e-02
1.558027607354977272e-02
1.523418876190933170e-02
1.223007242425547259e-02
1.566717295439847349e-02
1.345805344565124267e-02
1.616582026136690817e-02
1.275295392110203235e-02
1.738722343122433428e-02
1.666008233397644339e-02
1.339827577728520611e-02
1.690403984541622232e-02
1.532466307078766098e-02
1.714661254600581899e-02
1.724931935072739064e-02
1.568506009454661079e-02
1.801881257980990358e-02
1.975409597598772743e-02
1.284515924354308163e-02
2.045192524357350092e-02
1.544987305182463078e-02
2.142186984321934815e-02
1.628133656645263175e-02
2.244986109766851021e-02
2.168590711198671236e-02
1.497730634920122449e-02
2.266843041018834840e-02
1.825930806412423210e-02
2.351858887129375589e-02
2.004479085362102786e-02
2.524994863672940654e-02
2.498002592184878079e-02
1.602076132481071100e-02
2.638457032664231344e-02
2.115460134913490012e-02
2.721372582318667965e-02
2.333890966348309629e-02
2.819971114851375915e-02
2.838931483408403331e-02
1.597425476042554915e-02
2.836704245957699655e-02
2.292173539486682884e-02
2.889961763237480080e-02
2.575551999794873509e-02
2.960714057591182918e-02
3.014133136136817881e-02
1.561547334932514124e-02
3.069652511138557319e-02
2.474264626194735625e-02
3.091936425736012753e-02
2.756489077461110951e-02
3.163611927323167067e-02
3.252378302819607797e-02
1.564778560249597064e-02
3.194977893079710418e-02
2.517990028789120899e-02
3.118051650352295090e-02
2.755196587334277428e-02
3.081054120471693122e-02
3.066605927268164014e-02
1.578176605225074108e-02
3.005870431397419593e-02
2.210400458783643232e-02
2.810923683963543335e-02
2.485158471549473239e-02
2.700577339385154541e-02
2.699377169981666616e-02
1.507089648249245080e-02
2.646338914419830296e-02
1.918909314911490527e-02
2.478672940734470698e-02
2.201456888709573886e-02
2.303263566378528984e-02
2.355251673712312893e-02
1.406483139983778427e-02
2.284822501890318783e-02
1.421127514724415675e-02
2.064510635717340184e-02
1.801465814725936726e-02
1.890393751488231647e-02
1.885950816677242625e-02
1.432286782158770713e-02
1.908973297061459726e-02
1.071993619213583437e-02
1.747746693829429696e-02
1.456486351765639599e-02
1.648721177951249783e-02
1.635415453699117991e-02
1.469318932310626977e-02
1.617736035178506115e-02
1.054106479065444572e-02
1.620228694708827563e-02
1.144488467220427033e-02
1.940131541190475567e-02
2.170310184670976028e-02
1.927425901640088257e-02
