5.335490870061518898e-01
6.906617730293899970e-02
7.050232419559572528e-02
8.044385035625356561e-02
9.155391839851408087e-02
7.958037818725251233e-02
9.327105055277755408e-02
6.315835067556915816e-02
5.197156919680646914e-02
9.615940063875423605e-02
8.307173156480431031e-02
9.380804460829267333e-02
9.087420167043680497e-02
1.259616787031399288e-01
9.780160338992256730e-02
1.215836607222957333e-01
1.762990732991097098e-01
1.279062751167993339e-01
1.392134788505363652e-01
1.336945715058983908e-01
1.414337084255814225e-01
1.030341733727326986e-01
9.365015765177078788e-02
1.209717372636854860e-01
8.389506298214725877e-02
9.092058653901950727e-02
1.051420088431350708e-01
9.530484863678831409e-02
7.696676924595798053e-02
7.506677366747424585e-02
9.480264323271021809e-02
7.062988258419813925e-02
8.071502343412166602e-02
7.436475652180914164e-02
7.553419042011531859e-02
6.926598904452602179e-02
6.555965964142745905e-02
8.324567482198944046e-02
5.993727835918194469e-02
7.043720697623924443e-02
6.794758835673309072e-02
6.329750528131725118e-02
5.441034286421236182e-02
5.285823380009888051e-02
5.789902019165361902e-02
4.669439837882066735e-02
5.439339454684560121e-02
5.664306067310662107e-02
5.680808376325661990e-02
5.040251181532624802e-02
5.442996723168965628e-02
5.986859307301140021e-02
5.214640447069511520e-02
6.053671358394300400e-02
6.580942431841124707e-02
6.886636556135197762e-02
6.302633220344916465e-02
6.080699464510758850e-02
6.980655116685520467e-02
5.778573407030739711e-02
5.859390120369062371e-02
6.897251554907007920e-02
6.606097302880205302e-02
5.987126912312194099e-02
6.286576919681673148e-02
6.079718246136894821e-02
4.908321911082979411e-02
4.778087472370009386e-02
4.945251402608438068e-02
4.800387889957847404e-02
4.220398629333375895e-02
4.204253126999781681e-02
4.321731726852508226e-02
3.620338992879851281e-02
3.955380466719517901e-02
4.337342019163994283e-02
4.713148656354227556e-02
4.393628273155695402e-02
4.865861915995736697e-02
4.818852635720576733e-02
4.479707885044747345e-02
4.658111225747445239e-02
4.820369064116549612e-02
5.285198968317428303e-02
4.922326573328140997e-02
5.315527536236887979e-02
5.102157140756460874e-02
4.743477224273685844e-02
4.407186927049100422e-02
4.809218855322630604e-02
4.205947958736457742e-02
4.284267025304942106e-02
4.169375273892404754e-02
3.412499100961207538e-02
3.889460432329870654e-02
3.157025517074944082e-02
3.268349201673428212e-02
3.555221773523366269e-02
3.010467172687678050e-02
2.613073731272418099e-02
2.769890267750089660e-02
2.857486308035114483e-02
2.552862603785257395e-02
2.530472984527068828e-02
2.585064406782094232e-02
2.505585718499042311e-02
2.147084205356970463e-02
2.204084072711482573e-02
2.657852969788795233e-02
2.454919169739476145e-02
2.369820776224289272e-02
2.470261857039908471e-02
2.554111427170176196e-02
2.386679891920694130e-02
2.470707865391664690e-02
2.935359366251841934e-02
2.721364559078955775e-02
2.591576128717743011e-02
2.821270429872466817e-02
2.690322377796686149e-02
2.347966366988208514e-02
2.407463881112558574e-02
2.752317538690873810e-02
2.393994428889504797e-02
2.729571112751279921e-02
2.782289299928927123e-02
2.713871618769442620e-02
2.465623370181638241e-02
2.729838717762333999e-02
3.159166357163376709e-02
2.899589496440950834e-02
3.059438889710568155e-02
3.419100024567207213e-02
3.404470950629586573e-02
2.939997853110112164e-02
3.334893647755534513e-02
3.384222171459830286e-02
3.242748322282591050e-02
3.220626308035456214e-02
3.313574448541561218e-02
3.323832640631966401e-02
2.811993456155926357e-02
3.049269899290514563e-02
2.811904254485575114e-02
3.016622087941920813e-02
3.010645576028380538e-02
3.410804269224532170e-02
3.564231142228852650e-02
3.220804711376158702e-02
3.279767015478400605e-02
3.154527870305106479e-02
3.454067079344936425e-02
3.048110277575947005e-02
3.660033736186200926e-02
3.580644249573500942e-02
3.446752542376126105e-02
3.629080756574282890e-02
3.329809152545507023e-02
3.248814035866482569e-02
3.081114895605946424e-02
3.704545369691524676e-02
3.548085639895258436e-02
3.290560417590913944e-02
3.377264441172424941e-02
3.207246057482753682e-02
3.416602377797369611e-02
3.151138206831755051e-02
3.296180122823048897e-02
3.445503718991206610e-02
3.222677946453537251e-02
3.762348052079198674e-02
3.677338860234363044e-02
4.052610287402488853e-02
3.841915942032601838e-02
3.716230788507551147e-02
4.047347388851758876e-02
3.789019351514252149e-02
4.254830474088996256e-02
3.862164721202358125e-02
4.348759832968966677e-02
4.101849609436433036e-02
3.604104288875905476e-02
4.084276880377217533e-02
3.715606376815091400e-02
3.501789972982907728e-02
3.702761336284497717e-02
3.375658811106100471e-02
3.752268263329496673e-02
3.510977745029097291e-02
3.739066416117496627e-02
3.889995642351979505e-02
3.833887791700980874e-02
3.942178619507518550e-02
3.937629334319599217e-02
4.056891967579352720e-02
3.937986141001004886e-02
4.160544308527620166e-02
4.243769466965429532e-02
4.144131201182972568e-02
4.018713652668975955e-02
3.991239538200760245e-02
4.374093107348749759e-02
3.879113038569114574e-02
4.008901468930327339e-02
3.872868921644519874e-02
3.833530985019575205e-02
3.772606244169603856e-02
3.713376335056307875e-02
3.749681414889306785e-02
3.663780206340958023e-02
3.806770483914170139e-02
3.921751436997059082e-02
3.979375716044030592e-02
3.986065841320381858e-02
3.894009717517789987e-02
3.953239626631085274e-02
3.789376158195657124e-02
4.014788779173516370e-02
4.098281542622379120e-02
4.180971491038079635e-02
4.304515804474697699e-02
4.229318796368510686e-02
4.617881272418986743e-02
4.446435662003694195e-02
4.673097106366472242e-02
4.784242387624253190e-02
4.759801129947983239e-02
4.874692881360521285e-02
4.500581075906962686e-02
4.828843222799927837e-02
4.414233859006857358e-02
4.496567000741152897e-02
4.151088931470377913e-02
4.165004392045188603e-02
4.082403645299838985e-02
3.936737317616085391e-02
3.924695092118653944e-02
3.737639189391875338e-02
3.944943871288410231e-02
3.796423090153414059e-02
3.724437342179875293e-02
3.888568415626357522e-02
3.842897160406466561e-02
3.850746907397385732e-02
3.657357686075660835e-02
3.768681370674144271e-02
3.631667605014472083e-02
3.376194021128208628e-02
3.320888985510372232e-02
3.185926858268781775e-02
2.998335745519894666e-02
2.962119867357246653e-02
2.980495411449624737e-02
2.916181007126302308e-02
2.730284726114090565e-02
