7.391238433887550308e-01
7.335526227334900062e-02
6.242877967765170233e-02
8.247116242951223197e-02
6.791387394069174632e-02
8.008147641240619119e-02
9.889559397365628446e-02
7.521212158034720763e-02
1.030373736116958899e-01
8.942233356318672610e-02
1.204586860091297340e-01
9.919960728352479606e-02
1.127715841359215321e-01
1.289016433842520848e-01
9.396839305726711888e-02
1.137112616391514897e-01
9.276069536330741605e-02
9.890909139333331490e-02
8.492833554500345272e-02
9.036715294057937053e-02
9.336358010888178016e-02
7.145983891013069078e-02
8.115162897251419760e-02
7.065256466658975665e-02
6.967625130995069860e-02
6.657505845558366053e-02
6.475676320480555637e-02
6.888440268889781115e-02
5.693918627471931254e-02
6.317178049415911323e-02
5.984691611371546760e-02
6.149617225139542009e-02
6.175390869379981246e-02
6.060405708417025000e-02
6.324440946670699393e-02
5.917268786413390491e-02
6.237607546748422105e-02
6.247569927938616263e-02
6.145503725809396689e-02
5.748872407585585431e-02
5.395689926036428136e-02
5.739231393530557640e-02
5.222665860462209764e-02
5.487793746975452858e-02
5.542297613099873149e-02
5.055040762758807038e-02
5.825550606036566936e-02
5.084413718913122215e-02
6.018113793428973152e-02
5.221637485629673781e-02
6.062269637800996730e-02
5.087884483972932026e-02
5.411951103075907099e-02
5.434061161975435594e-02
5.109737449164326178e-02
5.422620491963470873e-02
4.241403449941558157e-02
4.985625461562611521e-02
4.236261575778877547e-02
4.456655157076795659e-02
4.273090249469081031e-02
3.961428401783573944e-02
4.158812096203493708e-02
3.517234747554961322e-02
4.216079719690354194e-02
3.738206789696181531e-02
4.172502336161632019e-02
4.046462145748912220e-02
4.032900452644840733e-02
4.090360896412801456e-02
3.801644662178259304e-02
3.972547704660371604e-02
3.893105748846948516e-02
3.818869940623240838e-02
3.869710221406749695e-02
3.622835988171024119e-02
4.121662055378123163e-02
3.171250889833557990e-02
3.870288682250051099e-02
3.306032266322835728e-02
3.626563846938968272e-02
3.262904796783348826e-02
3.475585566837244983e-02
3.150747666609867575e-02
3.209107938356297457e-02
3.034541310533274763e-02
3.254227884133824300e-02
3.083067747943577311e-02
3.301661673284557452e-02
3.361307413571657660e-02
3.207501102680459376e-02
3.415554185987942915e-02
3.086988426992622048e-02
3.389523448039370029e-02
3.038140622447151398e-02
3.292084932656563767e-02
3.219905874097927362e-02
3.190597191370645597e-02
3.338875987536961409e-02
3.096565167620615386e-02
3.361435960425725178e-02
3.199852564863471527e-02
3.284436394839575224e-02
3.461638233170972329e-02
3.437407151179337761e-02
3.806915083195006738e-02
3.534267205718842619e-02
3.915087260892410187e-02
3.493325032698494509e-02
3.830439157489273078e-02
3.623414449014325522e-02
3.906538895096953179e-02
4.004427324468994021e-02
3.789432711041891555e-02
4.051282652776425769e-02
3.622707441316957294e-02
3.870481502531152029e-02
3.827611126699798083e-02
3.916244182579012995e-02
4.037335319110153115e-02
3.564797083559761992e-02
3.958728917848166468e-02
3.578037409528665030e-02
4.249244808039647631e-02
3.562611787040621814e-02
3.897154974750059730e-02
3.722909714062205139e-02
3.670398324175824095e-02
3.679268057106448858e-02
3.704720334211720340e-02
3.554191968099231630e-02
3.634148111328922709e-02
3.401799672602771191e-02
3.847021701663919796e-02
3.515113724462855943e-02
3.435864588930533092e-02
3.613130700688963609e-02
3.379303973141041528e-02
3.490304181627919278e-02
3.277109224157755130e-02
3.424038278356367204e-02
3.233788934337166604e-02
3.262390609367080141e-02
3.266761202405359110e-02
3.047717363075145083e-02
3.197345901209164287e-02
3.013973813882550590e-02
3.090202098344297515e-02
2.950471667973439058e-02
3.031649006316766704e-02
3.076768952094293200e-02
3.218427585276156799e-02
3.218363311849123387e-02
3.233339020347932025e-02
3.131594185353880205e-02
3.027664053840688901e-02
2.743511232925525609e-02
3.132815380467517119e-02
2.879835171663607668e-02
3.175942850007004714e-02
2.966411477877750613e-02
3.162509703757000051e-02
2.606094645927873460e-02
2.883884397566719229e-02
2.481339924055823640e-02
2.646394084677886407e-02
2.447339281155095150e-02
2.678723618475744098e-02
2.401448054253166320e-02
2.208627773152625762e-02
2.209527601131094920e-02
2.011629719294906818e-02
2.122758474635851739e-02
2.089272019151390894e-02
2.084322965269810521e-02
1.929745373254210597e-02
1.900051049964727318e-02
1.811160900377378064e-02
1.667252697249341220e-02
1.700417785598634310e-02
1.651762801334264591e-02
1.542497975377291573e-02
1.450265607584199680e-02
1.423527861938257873e-02
1.250118155801838334e-02
1.269785824474093522e-02
1.197992406477658978e-02
1.135325815119983192e-02
1.101132351938154119e-02
1.080564855287429599e-02
1.100618164521885781e-02
9.969451267168284725e-03
9.822907853531874164e-03
9.459120256522188588e-03
9.304864031641756419e-03
8.391538633495527338e-03
8.231497800182079397e-03
7.584907124224933399e-03
7.132422197908997591e-03
7.311102325062165432e-03
6.636231341210272958e-03
6.526966515253300460e-03
6.192744694679029605e-03
6.375923961724543239e-03
6.049414952394294859e-03
5.947862937681343103e-03
5.980642385468434505e-03
5.454243018063958427e-03
5.948505671951678092e-03
5.343049989295980962e-03
5.444602004008931850e-03
5.932437315193299886e-03
5.061532378889191386e-03
5.192007435767223740e-03
4.711884935826877313e-03
5.130304945815050872e-03
4.936199196173839815e-03
5.156014316628456523e-03
5.179152750360521348e-03
5.055105036185840624e-03
5.479952388877364078e-03
4.912418028171440000e-03
5.422749038817537004e-03
5.136089554248067512e-03
5.301914995994531227e-03
5.292916716209839639e-03
5.054462301915504767e-03
4.345526401735850912e-03
4.243331652752564166e-03
3.939318342884044755e-03
3.936104671532369807e-03
3.452768500240347566e-03
3.808200551735677411e-03
3.129473162261774133e-03
3.418060849642249894e-03
3.514470990192520433e-03
2.956577643541622932e-03
3.268946498924498508e-03
2.799107747309514515e-03
3.155182533075179784e-03
2.411538982297428257e-03
2.676345501675504203e-03
2.226431512440908787e-03
2.259210960228001056e-03
2.266923771472022665e-03
2.113953015132260041e-03
2.471956003708930712e-03
2.011758266148973729e-03
2.712981355084606409e-03
2.090171847129860226e-03
2.534943962201773992e-03
1.743738075419222185e-03
2.289419470933752067e-03
2.155088008433708908e-03
2.047108651017406390e-03
