5.815433987830127549e-01
6.386872051402055217e-02
8.099597428254359799e-02
8.583427177635533090e-02
8.750212713354556249e-02
8.442190407560402898e-02
6.395175400236319252e-02
6.250585354670426530e-02
9.294002222106236000e-02
1.049096189252250177e-01
1.034158145339838103e-01
1.026996506970284939e-01
9.533122700554522155e-02
8.656560519291170430e-02
7.784788731586046728e-02
1.441437405660506155e-01
1.615488371609509477e-01
1.466068012539069043e-01
1.455433338839799695e-01
1.358076573758049965e-01
1.039052330758495762e-01
7.721795056295330251e-02
1.124065848438541015e-01
1.124377224019826038e-01
1.021208114754091067e-01
9.410249105785938040e-02
8.218558868283723506e-02
5.995177538124159961e-02
6.133619911956991744e-02
7.941514440832787847e-02
8.694244948615909019e-02
8.674923694597716506e-02
7.573612215560764083e-02
6.625992529850342760e-02
5.181209832688339623e-02
5.102886898011287781e-02
6.148949171343325720e-02
6.552939028087342854e-02
7.208025347175220365e-02
6.403558588963220721e-02
5.997732414688549535e-02
5.478373913083838670e-02
5.287077530325209884e-02
5.710548320872693706e-02
6.630144204267474084e-02
6.262162139102815661e-02
5.625758354892031882e-02
5.662165345934575683e-02
5.274382987395901529e-02
5.608912137545592203e-02
6.708147779373976882e-02
7.285470043033263898e-02
6.686670848254581967e-02
5.772264557881216090e-02
5.743681876317113799e-02
5.659929828940735153e-02
5.435100691274499796e-02
6.250505514777790483e-02
6.653377613024887005e-02
6.620084377795192043e-02
5.998690493400194584e-02
5.252027817457497610e-02
4.405884635288902229e-02
4.503289304306234281e-02
4.801890502769203678e-02
5.101369940051181384e-02
5.348314727977910438e-02
5.028476118073456347e-02
4.599895574397195458e-02
4.823447273781236722e-02
4.979294744208967449e-02
5.598532951502761118e-02
5.640289215351994984e-02
5.537136074064787777e-02
5.085561641309024883e-02
4.562690184428279394e-02
4.257781634446974883e-02
4.433988277497181302e-02
4.880452957124167129e-02
4.885642550145581631e-02
4.758856800637775719e-02
4.439018190733322322e-02
3.993591429710620366e-02
3.770518769682402321e-02
3.708563012995967634e-02
4.038940488728526290e-02
4.215546331241918493e-02
4.293789426026332900e-02
4.126524850951487910e-02
4.110716552209330715e-02
4.033671055814473660e-02
3.706966215143225191e-02
3.584651499623099646e-02
3.852594179313400397e-02
3.897464198975482408e-02
4.044289761535215660e-02
3.961415952977846017e-02
3.797344973608487301e-02
3.564691526463810434e-02
3.377387138337038103e-02
3.524212700896771355e-02
3.790079543378505750e-02
3.710399330526622380e-02
3.565250405712270393e-02
3.431917785008217064e-02
3.369722508643871461e-02
3.598304121264053745e-02
3.786885947673019476e-02
4.059778700706823812e-02
3.957104598775439824e-02
3.963332110401137504e-02
3.606607470098317780e-02
3.518384388734258766e-02
3.588563654362320055e-02
3.937863184649884746e-02
4.074229721274149479e-02
4.009719088023326605e-02
3.937623664971973136e-02
3.985128401091081463e-02
3.980817046888675270e-02
4.194947638941531887e-02
4.267921300811893665e-02
4.481972052972112847e-02
4.491952039551758147e-02
4.450115935809887541e-02
3.762295260740775027e-02
4.358539578955067384e-02
4.449078017205604363e-02
4.770673104748075072e-02
5.003166872107477764e-02
4.880532797016803870e-02
4.722210289917319614e-02
4.305286370566083903e-02
4.903925885559491660e-02
5.092507711968456696e-02
5.093385950787466393e-02
5.314063414036569039e-02
5.205560999942671768e-02
4.693228408890032233e-02
4.611632038614857376e-02
4.888756305958430470e-02
5.200690766491805617e-02
5.053306324683613099e-02
5.030472115389385268e-02
4.764764952692925742e-02
4.055706866182329229e-02
4.128920047730602616e-02
4.600614133430929592e-02
4.779934532293985544e-02
4.844844365007994202e-02
4.788796760376710232e-02
4.691791290822563271e-02
4.262731707790479163e-02
4.023850749020103229e-02
4.467041993048964654e-02
4.500335228278659616e-02
4.428798684475766106e-02
4.428239805227306147e-02
4.145127545935945595e-02
3.667205948609920246e-02
4.083012109464236733e-02
4.426084128126103051e-02
4.374747077160410363e-02
4.181614376871126137e-02
4.121734457393258499e-02
3.824809896675668980e-02
3.382337211680542383e-02
3.943691496812397335e-02
3.908721623837322495e-02
3.864490323316336490e-02
3.851955460172303003e-02
4.030637139894261561e-02
3.794790097044098420e-02
3.530360372629832294e-02
3.202936972924848996e-02
3.491717864593447962e-02
3.563972967430075606e-02
3.574831192828729215e-02
3.509202801080985729e-02
3.490679945989165478e-02
3.193515865593664349e-02
3.168845338768783160e-02
3.432796023827226067e-02
3.437746097170729653e-02
3.301219880761190745e-02
3.087009448815696347e-02
2.997828288739991590e-02
2.713438591166436251e-02
2.604696657394627718e-02
2.574117978514596505e-02
2.510246064404870331e-02
2.417711628838404778e-02
2.363819701308323556e-02
2.328211109192151324e-02
2.263860155726602277e-02
2.268650549284831688e-02
2.295317073425642493e-02
2.205417354316202908e-02
2.243261463426215671e-02
2.181864585988241290e-02
2.109689323044251080e-02
2.087573672783758424e-02
2.044619810544967553e-02
1.990887562800160507e-02
1.926536609334611808e-02
1.809970366084361418e-02
1.714082655027135416e-02
1.641348512834684900e-02
1.595520414460956451e-02
1.518953957421922268e-02
1.440870542422782383e-02
1.488375278541891056e-02
1.470171783020618982e-02
1.523265311624328808e-02
1.483664724876298732e-02
1.430810715950500515e-02
1.401110275889477785e-02
1.273685807240574307e-02
1.339234359095680706e-02
1.343944912761273029e-02
1.241989369863622829e-02
1.178277135539171003e-02
1.147937976337051226e-02
1.083746702656776528e-02
9.913719468755853234e-03
9.904138681639394065e-03
1.054844661522125540e-02
1.052529304635647922e-02
1.017958631123758693e-02
9.800346821211090159e-03
8.656241159720620693e-03
7.552853843475103128e-03
8.702548297450173054e-03
8.220315345921741512e-03
8.365623950521367327e-03
8.006344433654159765e-03
7.107347242559765646e-03
6.308149917261818458e-03
5.346877609910440608e-03
5.987991947786815844e-03
6.589186339344612654e-03
6.295375534439872321e-03
6.073420632908574888e-03
6.077412627540431864e-03
5.350071205615927576e-03
4.233909506548464742e-03
4.663448128936372589e-03
5.101769139514367862e-03
4.957258933841112054e-03
4.400774882160124121e-03
3.942493898422839635e-03
3.447486564072463257e-03
2.761661886319279578e-03
2.831920991839978127e-03
3.154474158094094666e-03
