4.446235601984839803e-01
7.130751190851006283e-02
9.006193841847610904e-02
1.073668143712801643e-01
1.185201086936474718e-01
1.291367975113786037e-01
1.356867687038881554e-01
1.477353018760224623e-01
1.447643003402153405e-01
1.474201893844016287e-01
1.481856103270258462e-01
1.475557576704776830e-01
1.530306975898798050e-01
1.499096897662143546e-01
1.502521889546256650e-01
1.517146054675305999e-01
1.520779963204119956e-01
1.578221284392334334e-01
1.593680288707534087e-01
1.625363635541293150e-01
1.549000258091760562e-01
1.486272725248129478e-01
1.541252553295810734e-01
1.428991504538131008e-01
1.433420951102112040e-01
1.458407795504642612e-01
1.340654100624802114e-01
1.368825993042284694e-01
1.287655464283005424e-01
1.279767930128820064e-01
1.237326410333790122e-01
1.245644188667161256e-01
1.157387869233755667e-01
1.128086585845911038e-01
1.034122911897077945e-01
1.026745465313023131e-01
9.616259403116500515e-02
9.301858469176615962e-02
9.272287455784126997e-02
9.309768342932413232e-02
9.000575845738630065e-02
9.392391773189096016e-02
8.811127750146072191e-02
9.023875222826835407e-02
8.597635624078259209e-02
8.082794683160277049e-02
7.938977292340963776e-02
7.317080016144468513e-02
7.226956271494867912e-02
7.150654121101604477e-02
7.031757796968964025e-02
7.002236427135613561e-02
6.705500326321905957e-02
6.393089271710752919e-02
6.150927990241437243e-02
5.652291534418358437e-02
5.207431464030220364e-02
5.340728557275793015e-02
4.438299665360495583e-02
4.473418346486521258e-02
4.106080830653759811e-02
3.956091090648437142e-02
3.754815417091537932e-02
3.194798837359065502e-02
2.900056752837353730e-02
2.640147898976630270e-02
2.308442047714307985e-02
2.046224768353723314e-02
1.807782616856404984e-02
1.619004709312195020e-02
1.488822749402456298e-02
1.379056703187727349e-02
1.315277140586721717e-02
1.144896308665958005e-02
1.080140422735262166e-02
9.435627176233989458e-03
7.951905302532837755e-03
6.754378547255347927e-03
5.933025861336970255e-03
5.432742894135854719e-03
4.879713645351887313e-03
4.519011818590411463e-03
3.881671258539110859e-03
3.681483606319959235e-03
3.337164154073628090e-03
3.053120256545896385e-03
3.076080402646667010e-03
2.810239143469095945e-03
2.768786771589866729e-03
2.569509251288223071e-03
2.483129458390188806e-03
2.430341807174723687e-03
2.286996030167209783e-03
2.263373969944615025e-03
2.164541917629766738e-03
2.097316264632014763e-03
2.033276073345540672e-03
1.998318733786710009e-03
1.913552356560621528e-03
1.826717497703833279e-03
1.807356509640480838e-03
1.720480281151078473e-03
1.691521538321277612e-03
1.600839303631387345e-03
1.585160212870680889e-03
1.548961784333429759e-03
1.457162569562961375e-03
1.458362288908767292e-03
1.373761390213135061e-03
1.355393273332518604e-03
1.288457207763064796e-03
1.245432789844503696e-03
1.215315697301510818e-03
1.148007305038530827e-03
1.156901776050541213e-03
1.113587770703681947e-03
1.079623302327587051e-03
1.026008258459841765e-03
1.010370537331749209e-03
9.718554093681142612e-04
9.205984345593668005e-04
9.195228241114028001e-04
8.883301211204460302e-04
8.801389338628737855e-04
8.407550436143446625e-04
8.285510019932142579e-04
8.155195677198040114e-04
7.616563060563745664e-04
7.750186973906969881e-04
7.509415712093482458e-04
7.365035694270619321e-04
7.216932409512494349e-04
7.132124662653792401e-04
6.806131957655462946e-04
6.629483626393678714e-04
6.582322245213716779e-04
6.545916968513397017e-04
6.437942227390853643e-04
6.164902652138446208e-04
6.126428893807424943e-04
5.832704502248017668e-04
5.646954851811152682e-04
5.758652859868955724e-04
5.456240845460607778e-04
5.660193134247632103e-04
5.174927343685399757e-04
5.056610194409356463e-04
5.308137560702482806e-04
4.834455267272170088e-04
4.863414010101971057e-04
4.963942217353994012e-04
4.661116506619505440e-04
4.828663518706210003e-04
4.444339631722139610e-04
4.377320826887458002e-04
4.377320826887458002e-04
4.289617205745775469e-04
4.172954841774292509e-04
4.303269184508396058e-04
4.096007325112249980e-04
4.053396603519829507e-04
3.930115098330106294e-04
3.681069909993819368e-04
3.876334575931904649e-04
3.694721888756439957e-04
3.600399126396516629e-04
3.768359834809361817e-04
3.525106395039034977e-04
3.486218940381874171e-04
3.254548997743468043e-04
3.228072432870507033e-04
3.339356744602169991e-04
3.204905438606666691e-04
3.181738444342825808e-04
3.191253459844046103e-04
3.025361233061901875e-04
2.996402490232100905e-04
2.893805801349378076e-04
2.896701675632358118e-04
2.870638807085537734e-04
2.852436168735376768e-04
2.745702516591254187e-04
2.699782224389712503e-04
2.668341303603072117e-04
2.526443463737048398e-04
2.589325305310329712e-04
2.498725809885667679e-04
2.514032573952847517e-04
2.467698585425166292e-04
2.346071865540003143e-04
2.329524012494402511e-04
2.343589687583162912e-04
2.269124348877961156e-04
2.293946128446361832e-04
2.304288536599862023e-04
2.189280957932939126e-04
2.132604561251757709e-04
2.159908518776998073e-04
2.149566110623498153e-04
2.032490050325874839e-04
2.075928164570576022e-04
2.031248961347454588e-04
1.994429988320993929e-04
1.982019098536793591e-04
1.905485278200891417e-04
1.845913007236729686e-04
1.863288252934610213e-04
1.852118452128829855e-04
1.839293866018489705e-04
1.739593051418746917e-04
1.706911041653686009e-04
1.763587438334867697e-04
1.675056424540905268e-04
1.695327544521765839e-04
1.641960718449704277e-04
1.710634308588946219e-04
1.583215840137822713e-04
1.565013201787662290e-04
1.544328385480661636e-04
1.548465348742061930e-04
1.521575087542961107e-04
1.500062878583680558e-04
1.507509412454200706e-04
1.494684826343860285e-04
1.384227907264477223e-04
1.330033688540136036e-04
1.306866694276295152e-04
1.293628411839814918e-04
1.254740957182653841e-04
1.258464224117914051e-04
1.219163073134612891e-04
1.167864728693251611e-04
1.183171492760431992e-04
1.125254007100830324e-04
1.038377778611427959e-04
1.141801860146430820e-04
1.012314910064607303e-04
1.077678929594729119e-04
9.639124399062260666e-05
8.671074995894634577e-05
8.720718555031435116e-05
7.578916694885003754e-05
7.463081723565800690e-05
7.161083405483593912e-05
6.788756711957583774e-05
6.598456401933177869e-05
5.808296419005756534e-05
5.229121562409741214e-05
5.113286591090538151e-05
4.480331212096320780e-05
3.830827980056503455e-05
4.016991326819508524e-05
3.652938559816298702e-05
3.595021074156697170e-05
2.697300046432872747e-05
