1.720694746401186248e-01
1.978906836825161143e-03
1.478571889619771000e-03
1.416320447829765234e-03
1.119404304620289555e-03
1.015972372379751786e-03
1.009002133723728000e-03
8.624668865758242488e-04
1.447085639139111726e-03
2.156447628339515539e-03
2.735137672160897586e-03
5.798277149583423024e-03
5.159659076857376833e-03
8.271429989500665714e-03
7.143853680938830851e-03
8.808619072128711161e-03
1.070869010622367209e-02
1.053251131536624141e-02
1.249483379125120724e-02
1.469069932095582419e-02
1.762012238094267519e-02
1.631131986732421713e-02
2.220886282949170384e-02
2.080496062294566115e-02
2.421028273599896627e-02
2.350132133522707042e-02
2.917237159991663276e-02
2.922236503579431904e-02
2.935920604297235365e-02
3.240199562822671658e-02
3.313627421768026299e-02
3.316776046816091728e-02
3.587325459661228760e-02
3.656963752072906609e-02
4.017413220043611344e-02
3.901987670253569823e-02
4.186341360345062490e-02
4.262813691347071277e-02
4.281929771155430775e-02
4.432887514554053471e-02
4.699126595908453830e-02
4.543898579861945647e-02
4.950375658268117707e-02
4.814696357532757820e-02
5.057356803985229438e-02
5.207745711815370965e-02
5.113190819150550959e-02
5.465179859511185012e-02
5.302621075222996999e-02
5.595923910807337753e-02
5.531140750149167451e-02
5.732107952962617325e-02
5.596588887598660106e-02
5.627097702313761662e-02
5.605818444991464422e-02
5.744373970643506383e-02
5.684101435690325221e-02
5.648585265618883550e-02
5.786459790942462961e-02
5.503187689607940553e-02
5.956765955437979404e-02
5.526702230361307810e-02
5.986265287313243671e-02
5.624525924602746113e-02
6.052146060265523736e-02
5.881206966052966723e-02
5.985608322290492112e-02
5.967149207504883479e-02
5.965050124139507220e-02
6.074434800427659653e-02
5.895828443693476584e-02
6.244412482411800663e-02
6.063995465980764193e-02
6.444722720202500366e-02
6.156026651545989936e-02
6.559074693004141032e-02
6.188426243643645880e-02
6.599822547951884888e-02
6.191206327337484688e-02
6.591089720210430158e-02
6.296480966349156383e-02
6.538981177430225333e-02
6.481456679096601892e-02
6.480286960885361935e-02
6.566261249411559087e-02
6.481496737939451691e-02
6.736575425675644935e-02
6.443336684239864276e-02
6.833638001902919701e-02
6.523870981906935984e-02
6.988321217686657705e-02
6.554980679264797716e-02
7.175580284476594517e-02
6.612537224672700165e-02
7.159749029781994900e-02
6.699761349095841034e-02
7.229715804705046100e-02
6.869050018982948702e-02
7.251619979975815200e-02
7.037241076575947996e-02
7.187621972637518730e-02
7.092562338552779733e-02
7.337914739244819073e-02
7.365819729174626074e-02
7.403995806411353686e-02
7.631810445703350598e-02
7.531663338576573274e-02
8.038039159283849600e-02
7.610034458729704465e-02
8.171635400190974119e-02
7.698708713264039438e-02
8.536074728909609499e-02
7.824421373898143850e-02
8.766509216524043246e-02
8.005863896706158500e-02
8.743098828762087271e-02
8.359407220169400021e-02
8.963110005466765062e-02
8.802201645504026395e-02
8.925943411069875433e-02
9.239980703713746024e-02
8.839336192826635630e-02
9.405447759992895118e-02
8.769377429672153834e-02
9.628815867728464373e-02
9.057945310031541297e-02
9.584630964064129455e-02
9.371077272826984494e-02
9.573510629288771445e-02
9.809553354902306177e-02
9.555956844351590207e-02
1.027089502447681296e-01
9.439978482530207715e-02
1.056727437919208756e-01
9.322910520183289029e-02
1.060385611448335791e-01
9.442133648275577440e-02
1.036331878670197493e-01
9.662905942994419461e-02
9.873471244554901660e-02
9.687013354621978878e-02
9.469325590802639414e-02
9.714149214769050855e-02
8.960073545178683097e-02
9.699768090185645342e-02
8.578545114099932201e-02
9.456787172990367696e-02
8.711876966644242770e-02
9.092067432371776781e-02
8.895402549280492788e-02
8.570349074852677551e-02
9.000404788160779046e-02
8.259556548479715654e-02
8.862698509977172401e-02
8.074164223766620851e-02
8.646252570286205863e-02
7.684407706366336299e-02
8.435895574708549005e-02
7.594419521786496818e-02
8.427122688124243088e-02
7.779699681739610240e-02
8.222494107074236613e-02
8.040338536863479713e-02
7.940079264976719620e-02
8.145757387709413877e-02
7.691698415765166330e-02
7.921612138422541582e-02
7.513011941345280886e-02
7.746490901016368780e-02
7.472560521834631375e-02
7.494128202825456331e-02
7.726862068019520191e-02
7.133991193828986832e-02
7.791949675883357018e-02
6.593397109558631064e-02
7.733632012461290339e-02
6.307537206975950828e-02
7.725059420091237583e-02
5.942529042688836360e-02
7.355380394727729920e-02
6.035729946465302753e-02
6.941933077665533858e-02
6.060566429032743230e-02
6.663468037473097016e-02
5.799054291134727451e-02
6.501494112290528982e-02
5.678397056468383053e-02
6.302946463585260006e-02
5.553092996031357143e-02
6.189652044234876527e-02
5.385799256518214451e-02
5.978654107171608306e-02
5.433733667873376361e-02
5.570726898654240061e-02
5.654818421566455006e-02
5.330918641812739528e-02
5.799703244388908219e-02
5.030373167440989335e-02
5.928444353542525885e-02
5.092472385628162707e-02
5.699636254947831188e-02
5.116780091469974590e-02
5.445278626382950987e-02
5.262337902852320948e-02
4.986668969890863112e-02
5.201488520562089907e-02
4.637492060298348956e-02
4.991948725378586582e-02
4.510858046278678340e-02
4.700825090845323767e-02
4.288731762671481318e-02
4.511202552327194665e-02
4.198975919380176780e-02
4.153052461936121431e-02
4.262637432438527718e-02
3.850287727670441418e-02
4.327837205062346621e-02
3.886020215493276447e-02
4.129489850571332193e-02
4.025545165142305204e-02
3.876894811091884108e-02
3.931022319551766286e-02
3.466716295606306342e-02
3.713566897020962460e-02
3.164360161537704136e-02
3.642887074695166233e-02
3.467661684297583535e-02
3.419438849273895992e-02
3.578328243556959387e-02
3.106338933552733189e-02
3.601882843153178526e-02
2.653113185539780414e-02
3.333047948782051628e-02
2.953858954125784114e-02
3.203305368557166077e-02
3.176842496969985857e-02
2.639765579101923179e-02
3.254476534414665195e-02
2.315505269762551874e-02
3.128179014674940805e-02
2.676787961664551033e-02
3.052724178281340794e-02
3.111210088843379892e-02
2.342464871001080640e-02
3.236946784783194253e-02
2.277938086937154188e-02
3.047091904976530555e-02
2.196754836015902060e-02
2.268748588387201059e-02
1.863465263497979946e-02
1.150610143200993946e-02
1.202550438841226699e-02
6.218574528773091435e-03
9.253752933885819876e-03
7.769332453209844974e-03
