3.987504220534511036e-07
9.968760551336277590e-08
0.000000000000000000e+00
1.993752110267255518e-07
8.971884496202648507e-07
4.984380275668138530e-07
5.981256330801766024e-07
8.971884496202648507e-07
1.894064504753892769e-06
1.794376899240529701e-06
1.993752110267255412e-06
3.389378587454334539e-06
6.579381963881943368e-06
9.769385340309551350e-06
1.206220026711689448e-05
2.711502869963467631e-05
3.718347685648431199e-05
7.466601652950871171e-05
1.035754221283839211e-04
3.967566699431837813e-04
1.124775253007272201e-03
1.088488964600408185e-02
3.348446856630547808e-02
5.670051563910150083e-02
7.369844863039601290e-02
6.015508992056157328e-02
1.371947680249489543e-01
1.273560001112021278e-01
1.440271571316238397e-01
1.308314091022144687e-01
9.263919336554046757e-02
9.752308853485112949e-02
3.034072023883606709e-02
1.062471496437475543e-01
9.466035956732389567e-02
1.073895696029306956e-01
1.324613014523579602e-01
1.219996853793636343e-01
1.526692750287882705e-01
9.351315460307611793e-02
1.736700641318663640e-01
1.292046070678419256e-01
1.661651824383983678e-01
1.906688943116104928e-01
1.566420254837068149e-01
1.818405599673471040e-01
1.327791055387345653e-01
1.706316856034245655e-01
1.197395679871646607e-01
1.442300214088435284e-01
1.619676364330471796e-01
1.439679426939488860e-01
1.595057513272891692e-01
1.184606756960337459e-01
1.438900866740429607e-01
1.194357201655599360e-01
1.291958345585567380e-01
1.309579126736109544e-01
1.201867665854976092e-01
1.236062508298169799e-01
1.069782585425825550e-01
1.154829072317440641e-01
9.811473447357292599e-02
1.009386849625554666e-01
9.614829676721632634e-02
9.230763238960301709e-02
9.787030046485417634e-02
9.419222657183312641e-02
1.031589273125490813e-01
9.027879024219505333e-02
9.814992419831915227e-02
8.897268323475897300e-02
9.304372566871368933e-02
8.004934660244134026e-02
8.589592497819455164e-02
8.804319600095238119e-02
8.585684743683330566e-02
7.765604656927650729e-02
7.770479380837255756e-02
7.687200355191392553e-02
7.435828089128897200e-02
7.581940212529832135e-02
7.083133340822618529e-02
6.930332179091736045e-02
7.290633091698682511e-02
6.622307446815997589e-02
6.776394578658001544e-02
6.046332399680889175e-02
6.075052398829289269e-02
5.009920240200661790e-02
5.289613754989503508e-02
5.414811418753735783e-02
4.378538821921228175e-02
5.159152585654165624e-02
4.363994400276827862e-02
5.000110979818146728e-02
4.060326016362022367e-02
5.042159211823683818e-02
4.510913993282422013e-02
4.711854299715707156e-02
4.548745439574743143e-02
4.848645632001143818e-02
4.624807082581439133e-02
4.398904999727606957e-02
4.491076159785262201e-02
4.469085074009015307e-02
4.069387619703186687e-02
4.191883749358007311e-02
4.400131157275422034e-02
4.270307988615369005e-02
3.918301084787133987e-02
4.328047049728708795e-02
4.252394125904618294e-02
4.084819261036655436e-02
3.811974284746581787e-02
4.161299591986507285e-02
4.002915924346876764e-02
3.323405330125590862e-02
3.929486034125733579e-02
3.760306198809006129e-02
3.533068302041295072e-02
3.446270303920810629e-02
3.459399161566920067e-02
3.158801155901926061e-02
2.696898635755759499e-02
3.296380020270918421e-02
3.246765499006917799e-02
3.047988413613272191e-02
3.154404932498786757e-02
3.108020289653419185e-02
2.687707438527427856e-02
2.525057141371824659e-02
2.777715377545442871e-02
2.690857566861649952e-02
2.597001686270818815e-02
2.570185720387723957e-02
2.466640204540994363e-02
2.094964936144972853e-02
2.221647945231354157e-02
2.214151437296749472e-02
2.353823741381521478e-02
2.021046576656814267e-02
2.198410764386189362e-02
2.009672220867739570e-02
1.644197521534648820e-02
2.024306361357101208e-02
1.687641380017372572e-02
2.021006701614608617e-02
1.771757781549547842e-02
2.014028569228673224e-02
1.693871855361957571e-02
1.587455336476443005e-02
1.738741246603522222e-02
1.613184707459441869e-02
1.814304451582651051e-02
1.533285091640481344e-02
1.822877585656800317e-02
1.463962330766488927e-02
1.338017009960906431e-02
1.459286982067912151e-02
1.324529276934948568e-02
1.477240719820868860e-02
1.012666571846944363e-02
1.332893067037519558e-02
1.089565590739952419e-02
1.262084960841377938e-02
1.198494237284403879e-02
1.266391465399555223e-02
1.030839622332030414e-02
1.134115981643874296e-02
8.912271308105658429e-03
1.213048627689354737e-02
1.045194637525954755e-02
1.235478338929861357e-02
1.175745525706254659e-02
1.163354356340943509e-02
1.453126288047186521e-02
8.785368986287147436e-03
1.607402826339666621e-02
1.177539902605495049e-02
1.749667008167786822e-02
1.435521456913526478e-02
1.647537056319346715e-02
1.503608091479153273e-02
1.076705889628728520e-02
1.494416894250821283e-02
8.833418412144588422e-03
1.322585368627437856e-02
9.674183677044289817e-03
1.121306124335407113e-02
8.516611201823122770e-03
6.567319763614825300e-03
7.688406575218104111e-03
5.999499162610712373e-03
7.518040457395766367e-03
4.135041876694288236e-03
7.101146891138884060e-03
6.796202505873506598e-03
5.256228375903078572e-03
6.820725656829794252e-03
5.310956871329914827e-03
6.101479583050880943e-03
2.814380478853257834e-03
5.281449340097959036e-03
4.539574179867513458e-03
3.015649754384736991e-03
3.498137765069413326e-03
2.837707378543385082e-03
3.206651206548340530e-03
2.485012630237107278e-03
3.218613719209943713e-03
3.842159691696028084e-03
2.287930234137188889e-03
7.163152581768194270e-03
3.434038634724320780e-03
1.956628445974079034e-01
2.688774095906420938e-03
1.396495753107155346e-01
4.929552092635789036e-03
7.576258019015570363e-04
7.955968108415969672e-03
7.783608238483365237e-04
9.699604016450197232e-04
1.613942333261343264e-04
8.941978214548641768e-05
2.292814926807343470e-05
6.280319147341854802e-06
1.694689293727167270e-06
4.984380275668138530e-07
1.993752110267255518e-07
9.968760551336277590e-08
0.000000000000000000e+00
0.000000000000000000e+00
0.000000000000000000e+00
9.968760551336277590e-08
0.000000000000000000e+00
0.000000000000000000e+00
0.000000000000000000e+00
0.000000000000000000e+00
0.000000000000000000e+00
0.000000000000000000e+00
0.000000000000000000e+00
0.000000000000000000e+00
0.000000000000000000e+00
0.000000000000000000e+00
0.000000000000000000e+00
0.000000000000000000e+00
0.000000000000000000e+00
0.000000000000000000e+00
0.000000000000000000e+00
0.000000000000000000e+00
0.000000000000000000e+00
0.000000000000000000e+00
0.000000000000000000e+00
0.000000000000000000e+00
