2.121194856370198175e-07
2.121194856370198175e-07
2.121194856370198175e-07
3.181792284555297263e-07
7.424181997295694142e-07
1.909075370733178463e-06
1.590896142277648578e-06
2.545433827644237810e-06
7.424181997295693083e-06
1.940893293578731325e-05
7.965086685670093422e-05
2.869976640668877861e-04
1.842257732757517129e-03
1.592020375551524841e-02
4.211823294860101569e-02
6.140116690991994503e-02
5.538673101416788369e-02
1.480509161952143701e-02
8.336030636177832465e-02
1.177564354955064618e-01
1.530095273512081522e-01
1.784575020430814174e-01
1.776614176134856671e-01
8.435016194150347923e-02
6.432799157273955126e-02
1.130703978785562308e-01
1.067653582874814600e-01
1.204800496910857915e-01
1.088919621907354085e-01
1.333754295814171265e-01
9.230358205546353167e-02
1.018506558650145166e-01
1.633033678099442554e-01
1.506942431654800796e-01
1.533823273472152138e-01
1.137583013704770996e-01
1.333270663386919019e-01
1.108832338621529301e-01
1.011092982627131431e-01
1.492654063102291095e-01
1.387877643171885056e-01
1.435604527440214606e-01
1.146991573490200866e-01
1.195134211950378972e-01
1.144842803100697831e-01
9.984591460625906467e-02
1.139762541419691300e-01
1.209349399280343906e-01
1.212767704791384432e-01
1.132747750029675093e-01
1.116933181778007045e-01
1.056605339465410409e-01
1.064059218190695211e-01
1.094145185436021933e-01
1.187697302783944919e-01
9.385353913701324768e-02
9.796430870891585652e-02
9.374599455779526747e-02
9.440950430886788092e-02
9.159584539163562189e-02
9.063176232941537458e-02
1.010552077938756954e-01
7.926565787078411474e-02
8.860177885186909519e-02
9.519763425775222554e-02
8.699995855608112783e-02
8.382813588735077426e-02
8.122129346861461929e-02
8.901339671374772222e-02
7.179565806459081712e-02
7.373305138665654790e-02
8.943837810322148585e-02
7.473446747834891490e-02
7.976307806460292138e-02
6.950094946896955006e-02
7.628856088986853135e-02
6.418152306790718409e-02
5.632079916917050177e-02
6.844310959409773132e-02
5.638581379151824668e-02
5.965595384184136513e-02
5.661723615034823520e-02
5.262652620731616410e-02
5.943619805472140361e-02
4.705319278194627919e-02
5.473711508940451442e-02
5.227260484553079845e-02
5.085278306841940071e-02
4.902972214911203996e-02
4.662715079504433507e-02
5.082849538731396000e-02
4.269954639898927012e-02
4.724897906718925067e-02
4.910237307294271214e-02
4.746926515302329896e-02
4.971253477337760768e-02
4.417780709439365905e-02
5.348953433463037727e-02
4.419817056501481461e-02
4.576796081847158554e-02
5.456848009832307445e-02
4.525611649962945487e-02
5.298309906267199137e-02
4.481140799799143704e-02
4.752568893620274376e-02
4.570952190017858047e-02
4.415786786274378262e-02
4.608497338975610369e-02
4.239027618893049382e-02
4.531879780763518883e-02
4.217030828232491008e-02
4.190314379016508300e-02
3.762490588435202926e-02
3.898692510162733021e-02
4.165157008019957502e-02
3.976561573340083033e-02
4.335054110040928443e-02
4.166663056367980039e-02
4.133901201811342879e-02
3.645761235489150542e-02
3.568486106871584379e-02
3.773457165842637046e-02
3.352601500364507658e-02
3.836382411256858416e-02
3.543678733026334876e-02
3.466064213231749569e-02
3.457187012757839684e-02
3.465449066723402111e-02
3.385267901152608228e-02
2.956468360937373335e-02
3.581170852112678521e-02
3.140524438624615194e-02
3.542533287803895092e-02
3.484030733665204743e-02
3.229985831692028242e-02
3.224322241425519459e-02
2.943369982699286722e-02
3.159943977534684229e-02
2.635552791117125662e-02
2.771595623230427990e-02
2.432543837388215918e-02
2.287114718035475336e-02
2.444093743381151387e-02
2.380542745484300754e-02
2.563856404971812802e-02
2.369841317433912797e-02
2.373224623229823471e-02
2.243693859325577092e-02
2.074316450044416671e-02
2.290444993959976291e-02
2.207750212484384245e-02
2.259072522034261121e-02
2.293913147550141404e-02
2.283996561596610825e-02
2.347027866753651285e-02
2.052637838612313137e-02
2.300711577064808167e-02
2.195182132960390997e-02
2.424122693808426071e-02
2.485616132694598232e-02
2.351927826871866647e-02
2.516723455263266893e-02
2.071325565296934859e-02
2.370191314585213746e-02
2.196062428825784618e-02
2.444708889889499193e-02
2.301199451881772925e-02
2.202563891060558762e-02
2.083554253643908963e-02
1.781623377788174936e-02
2.006162459309242252e-02
1.922714653659638590e-02
1.971311227819080164e-02
1.501784746361536742e-02
1.903687535797998071e-02
1.528469377654673861e-02
1.721392049841543107e-02
1.785377892683950168e-02
1.720045091107747989e-02
1.906540542879816072e-02
1.644742673706606206e-02
1.628780682412420480e-02
1.746697904478039867e-02
1.694633176728433180e-02
1.757887207345392583e-02
1.907049629645344788e-02
2.076034617878076693e-02
1.779947633851642480e-02
1.803323201168842080e-02
2.215789540990027381e-02
2.121979698467055253e-02
2.402741049656214808e-02
2.244574155190970713e-02
2.372079178007383687e-02
1.504107454729262071e-02
1.705907327390041028e-02
1.746602450709502929e-02
1.719376914727991507e-02
1.707519435480882308e-02
1.110647020821154025e-02
1.209950758022124671e-02
8.489339994421987723e-03
9.863662141864239577e-03
9.099077455885602392e-03
8.613217774034008165e-03
7.361288569804317998e-03
4.829642508726485726e-03
7.626225807364954770e-03
5.901800448878802632e-03
6.556507241297465129e-03
5.608545259985621943e-03
5.533242842584481201e-03
4.173662999394001441e-03
3.746454355321044045e-03
4.945883986855572831e-03
4.414312555849200966e-03
4.703113235544003658e-03
4.751264358783606825e-03
5.918239709015671313e-03
6.557461778982830169e-03
3.709757684305839583e-03
1.613603533215091784e-02
2.506297782544207597e-03
3.452733564156891255e-01
6.939382912872284724e-03
1.709258815263105680e-03
1.461715375524703497e-03
1.670016710420257205e-03
1.228171821838344680e-03
1.209611366845105484e-03
8.008571180225683688e-04
5.711317150776758960e-04
5.521470211131626615e-04
2.958006227208241591e-04
1.702258872237084051e-04
1.565441804001206205e-04
7.880238891415285792e-05
5.313593115207346159e-05
2.418162136262025602e-05
1.346958733795075878e-05
9.757496339302911394e-06
3.393911770192317080e-06
7.424181997295694142e-07
1.060597428185099088e-07
3.181792284555297263e-07
1.060597428185099088e-07
0.000000000000000000e+00
0.000000000000000000e+00
0.000000000000000000e+00
0.000000000000000000e+00
0.000000000000000000e+00
0.000000000000000000e+00
0.000000000000000000e+00
0.000000000000000000e+00
0.000000000000000000e+00
