0.000000000000000000e+00
0.000000000000000000e+00
1.021031753536503215e-07
0.000000000000000000e+00
1.021031753536503215e-07
2.042063507073006431e-07
0.000000000000000000e+00
1.021031753536503215e-07
0.000000000000000000e+00
4.084127014146012861e-07
1.837857156365705655e-06
3.165198435963160034e-06
5.105158767682516156e-06
4.798849241621564543e-06
9.087182606474879503e-06
3.144777800892429898e-05
2.620988511328204156e-04
9.192042567563077360e-03
2.919844505588338121e-02
5.310273836650464957e-02
6.653104167949067116e-02
2.415710077279689671e-02
1.157033183107565449e-01
1.790558881414880676e-01
1.655298720896886122e-01
1.331241620895963762e-01
1.053938585921231352e-01
7.740737822768756216e-02
4.660264601714055738e-02
7.546956206265063860e-02
1.093082901288313646e-01
1.233760656290572993e-01
1.354039217888926561e-01
1.380538054988459662e-01
1.035187337767533300e-01
8.232864917655816073e-02
1.397905805116115563e-01
1.602981053845675685e-01
1.645871534716483731e-01
1.634848475905303355e-01
1.550639903064133795e-01
1.134135525002755857e-01
1.197003513163258925e-01
1.366273220359801033e-01
1.618430285308436467e-01
1.506377155516572808e-01
1.310757681856514201e-01
1.183750521002355088e-01
1.010221069330058813e-01
1.061107249862811019e-01
1.025162848011311884e-01
1.088377986968017408e-01
1.128130837260207658e-01
1.096914833459336214e-01
1.062840961780315979e-01
1.034084623473713882e-01
1.002398945066215602e-01
1.010377287188349849e-01
9.288734274622983955e-02
8.928953315629327425e-02
1.025316002774342289e-01
1.121709568562216652e-01
1.150751795759808876e-01
1.096017346547977500e-01
1.008707900271317570e-01
8.087541468174964943e-02
7.914333641505033601e-02
9.511615296102468586e-02
1.060978599861865379e-01
1.013706871736632376e-01
8.757062619921457403e-02
7.599723127287830171e-02
7.081753718718762636e-02
7.022217357170047747e-02
7.573227353283557006e-02
8.307002033280101727e-02
8.224676242992452757e-02
7.816671954279266754e-02
7.372002415296582956e-02
7.015315182516142223e-02
7.110424290358066668e-02
6.806932811936877714e-02
7.134132647675184291e-02
7.106626052234911450e-02
6.563386107765814548e-02
5.924955372914509494e-02
5.149491966421071432e-02
5.318676927982069619e-02
5.193968109605121009e-02
5.421668400961296430e-02
5.726109438913275923e-02
5.638331339061742470e-02
5.458037552022266398e-02
5.221801435206525899e-02
5.056853755422703600e-02
5.320137003389627250e-02
5.095612120786949251e-02
5.137035379027925924e-02
5.515593111969119278e-02
5.367298460085477563e-02
4.934360575950930139e-02
4.632472117382792354e-02
4.774997939858952739e-02
4.459315342300536333e-02
4.549748124711264219e-02
4.640334061885022926e-02
4.490558913958753867e-02
4.270679725834667512e-02
3.899463211201401047e-02
4.246460852640781408e-02
3.997022795251813782e-02
4.392192714823046906e-02
4.410510024481491265e-02
4.289650495815375969e-02
3.985791445962912072e-02
3.783882416701069007e-02
3.726878213901126113e-02
3.389294485229351478e-02
4.016493870791755516e-02
3.902761143765323681e-02
3.879818560263358779e-02
3.783627158762684767e-02
3.674131713513430209e-02
3.479972315260928400e-02
3.506743767838656212e-02
4.179185070400261159e-02
4.031206938360216291e-02
3.761429928440800791e-02
3.702945229598230553e-02
3.443337695944038990e-02
3.076246149595060139e-02
3.142245642143659534e-02
3.521089263975843431e-02
3.420160275138760253e-02
3.118955907845491829e-02
3.176103055090929994e-02
2.782464683150001963e-02
2.704314912734318010e-02
2.825470540608959399e-02
3.021947680941988387e-02
3.180197392422610958e-02
2.836691679580325559e-02
2.823132377893360773e-02
2.693379662653942047e-02
2.461799450634327702e-02
2.386375835000585990e-02
2.669528360891329152e-02
2.611023241413687468e-02
2.301466834376490397e-02
2.269059286519242019e-02
2.112759745687873766e-02
1.693370952922755232e-02
2.083496975631517548e-02
2.126145471976737325e-02
2.058798217513469961e-02
1.924900113354692868e-02
1.787775548854740257e-02
1.551467959816251949e-02
1.422930272363541471e-02
1.526207634233758999e-02
1.574482015540964661e-02
1.522623812778845821e-02
1.336908347128091049e-02
1.411167986562801048e-02
1.317304537460190460e-02
1.177892861832316278e-02
1.200600608030967867e-02
1.201151965177877853e-02
1.275962961759497492e-02
1.314721327123743143e-02
1.417232915178807950e-02
1.437919018505457412e-02
1.431343574012682376e-02
1.289205743602865953e-02
1.235223794793390874e-02
1.282436303076918763e-02
1.374860097407042993e-02
1.547006051053297603e-02
1.781179683726894641e-02
1.818733231621967247e-02
1.771959766992459856e-02
1.435713589917818681e-02
1.285478977702457504e-02
1.429720133524559414e-02
1.700068921225954613e-02
1.799394890209985581e-02
1.748761925552110713e-02
1.561555753541192700e-02
1.429709923207024037e-02
8.734824548329430879e-03
1.030169987730654955e-02
1.231343874129952123e-02
1.292023791242626583e-02
1.261106949745541272e-02
1.164680710941553947e-02
9.392573203957647193e-03
7.049509535942078721e-03
4.488353485371114442e-03
7.416876760864513085e-03
7.737174421948913618e-03
7.907584621614156470e-03
7.201541164043665476e-03
6.303543736808309671e-03
5.185105553984424055e-03
3.130074943641504397e-03
5.207466149386873536e-03
5.128336188487794649e-03
4.763419439773848053e-03
4.010306418365323228e-03
3.359500778661156459e-03
2.738611369335609141e-03
2.178677555696190409e-03
2.985190537814674718e-03
3.647635939509157738e-03
3.908713758888441962e-03
4.793131463801760840e-03
8.271480338574567145e-03
8.921571256051257989e-03
3.321139594649036852e-01
1.428821625581447319e-02
2.700935297630111757e-03
7.029803623098823673e-04
2.655703590948444836e-04
1.126198024150763062e-04
2.787416687154653665e-05
4.696746066267915135e-06
1.021031753536503189e-06
3.063095260609509778e-07
3.063095260609509778e-07
3.063095260609509778e-07
0.000000000000000000e+00
0.000000000000000000e+00
0.000000000000000000e+00
0.000000000000000000e+00
1.021031753536503215e-07
0.000000000000000000e+00
0.000000000000000000e+00
0.000000000000000000e+00
0.000000000000000000e+00
0.000000000000000000e+00
0.000000000000000000e+00
0.000000000000000000e+00
0.000000000000000000e+00
0.000000000000000000e+00
0.000000000000000000e+00
0.000000000000000000e+00
0.000000000000000000e+00
0.000000000000000000e+00
0.000000000000000000e+00
0.000000000000000000e+00
0.000000000000000000e+00
0.000000000000000000e+00
0.000000000000000000e+00
0.000000000000000000e+00
0.000000000000000000e+00
