1.657196012939218810e-02
4.305803934515031045e-02
7.902764672592749173e-02
9.926120887107636737e-02
1.392282581304700451e-01
1.444985225614297542e-01
2.118738946725225725e-01
1.164385229852471920e-01
1.507794649495851347e-01
1.343601593033110220e-01
9.473526664400966357e-02
1.235259021600815799e-01
9.286235405458150016e-02
1.273949037149711139e-01
9.954756762561513261e-02
1.098048961016120789e-01
1.202264597456533246e-01
1.069444669248406921e-01
1.402673614052117879e-01
1.182935381525166835e-01
1.481485438922602316e-01
1.208065467815020722e-01
1.251387757334396222e-01
1.482833009532196766e-01
1.125053012684941733e-01
1.410127363986435622e-01
1.248924229813731940e-01
1.348876068622225366e-01
1.018784436643975638e-01
1.009414609749141045e-01
1.076119354924053029e-01
7.985829767199764673e-02
8.625188854079879341e-02
7.573978499642543272e-02
7.503546879500472278e-02
5.619474720961609160e-02
5.760653798107374240e-02
5.989003849061262652e-02
4.858307884448645475e-02
4.707337864592547189e-02
4.456668675417255199e-02
4.256743942009492965e-02
3.408511410642280776e-02
3.557060014559264294e-02
3.492945131649666246e-02
3.082251932585065163e-02
2.737463358645928629e-02
2.770520950162536078e-02
2.726409068489101667e-02
2.188960008959547551e-02
2.392885342614541749e-02
2.288027504555494723e-02
2.085470797300869109e-02
1.948187041448462206e-02
1.951766525880196945e-02
1.985771627981674711e-02
1.696991457503797124e-02
1.857015467393105870e-02
1.849014266898640554e-02
1.706045447537007931e-02
1.716783900832211454e-02
1.670145324265787795e-02
1.836380792433695008e-02
1.604451257048071511e-02
1.752368187241807804e-02
1.852067356561002548e-02
1.731733512282396595e-02
1.907233528391263921e-02
1.815325001658785881e-02
2.037989989103449612e-02
1.754684324227047745e-02
1.890599453679086064e-02
2.052939600553634752e-02
1.946713136094218449e-02
2.108316330291645432e-02
2.058414106155111514e-02
2.244757854513056497e-02
2.050097068799022065e-02
2.209910520780582199e-02
2.267392829596083861e-02
2.068942001542565731e-02
2.496690391134843631e-02
2.224965411184642167e-02
2.776416571579510759e-02
2.473423742328569042e-02
2.690930061033379797e-02
3.193321228922710309e-02
2.892433978749259574e-02
3.183109170396879878e-02
3.717926256079569919e-02
3.507368348330479335e-02
3.886056745417218461e-02
3.684447548747464551e-02
4.120723533603580513e-02
4.269166858566689898e-02
4.243899909636798112e-02
4.638801265620218217e-02
4.703021427483691091e-02
4.997802498332417492e-02
4.820723297915432970e-02
5.256051772186677573e-02
5.221730833223576368e-02
5.383018190559379912e-02
5.803081216518815588e-02
5.488507702341673816e-02
6.083860186502227513e-02
5.679273166762350417e-02
5.991214707092627767e-02
6.327791522629548637e-02
6.122181725712562417e-02
6.854712686771649577e-02
6.368534477778999003e-02
7.052321283194171175e-02
6.484973000764246431e-02
6.694899234790090137e-02
7.064007247074245710e-02
6.713428330672009670e-02
7.410585563229249439e-02
7.371632350295667657e-02
7.697049596721886044e-02
7.275196828546583172e-02
7.377422692758767164e-02
7.862232275351049848e-02
7.499125163437742048e-02
7.627881324026311582e-02
7.471542077522609626e-02
7.906870551793855617e-02
7.673677668961738363e-02
7.641883424891625365e-02
8.140905666256970097e-02
7.888446734865810217e-02
8.151328282690550875e-02
8.207020849290183606e-02
8.346199626312333919e-02
7.984145303937771609e-02
7.802644387458056163e-02
8.512224536572492173e-02
8.077527736024493754e-02
7.872128497015255799e-02
7.836649489559534276e-02
7.798538508256948332e-02
7.232558852227392865e-02
7.341943685303045641e-02
7.841808158299387599e-02
7.448801823485709517e-02
7.531761639138850883e-02
7.370895397618545952e-02
7.236875289336248962e-02
6.978520736528114055e-02
7.022106223432177108e-02
7.198448471172040619e-02
6.922722890974605803e-02
7.385318614299357654e-02
6.913774179895269822e-02
6.761224975731053299e-02
7.104750202223694688e-02
6.290733330865709572e-02
6.100704819122155370e-02
7.014736696660958670e-02
5.972790890164582367e-02
6.804915741588989098e-02
6.088808297334331876e-02
5.849193398315866849e-02
6.555720457767941212e-02
5.693801662397037638e-02
6.289680541326965468e-02
6.259991876334342065e-02
6.161345496553893852e-02
6.015218308576025102e-02
5.348802530550152146e-02
6.146606443011457671e-02
5.759916845430252536e-02
5.494087486897025058e-02
6.188191629791902487e-02
6.056592937448720265e-02
5.980792090659048377e-02
5.392388017454213811e-02
5.722226979943164510e-02
5.247418897968965379e-02
4.899471955413593066e-02
5.240259929105495901e-02
4.895260797258611102e-02
5.258789024987416127e-02
4.779980342765983298e-02
4.518888537157111224e-02
4.901998650306581273e-02
4.365286543454149903e-02
4.717865759980002099e-02
4.474250260714304067e-02
4.807563428681114331e-02
4.766504636670042261e-02
4.302119171129421826e-02
4.842621320321337935e-02
4.593531315454163488e-02
4.296644665527946105e-02
4.516993515987369895e-02
4.126619155020554847e-02
3.927957769059287757e-02
3.548111303479928313e-02
3.504841653437490434e-02
3.429356643509440944e-02
3.173844622455919418e-02
3.223852125546328162e-02
3.018663444444839514e-02
3.050352409561077685e-02
2.986342805605354117e-02
3.042982882789859247e-02
3.033928892756648787e-02
2.858428876647781461e-02
2.844637333690215944e-02
2.880221620099812294e-02
2.899277110751105266e-02
2.689666713586885347e-02
2.746096232863641518e-02
2.768836486900543709e-02
2.443103403612700147e-02
2.367513114730776178e-02
2.271709266704939958e-02
2.199487904347001768e-02
1.894389496018569416e-02
1.897442585680931409e-02
1.754157929457675000e-02
1.633613527271320781e-02
1.606872672987186279e-02
1.531071826197513350e-02
1.483906854861717119e-02
1.442848062850644354e-02
1.511700498684596938e-02
1.412106608319277194e-02
1.339148293284217126e-02
1.299668685581262771e-02
1.303564006874620949e-02
1.300195080350635343e-02
1.270295857450264541e-02
1.257872940893068128e-02
1.333779066636615364e-02
1.284192679361704538e-02
1.262294656955799052e-02
1.356835157535140821e-02
1.254504014369082696e-02
1.231132086608933626e-02
1.287351047977940838e-02
1.211339643280519122e-02
1.159647676928117314e-02
1.176281751640295518e-02
1.276191478867239049e-02
1.381365153787909861e-02
1.586764392797148163e-02
1.818378091321147874e-02
2.218332837090545781e-02
2.870535956343354261e-02
3.493576805372913818e-02
4.559420934398811243e-02
5.746230581426561151e-02
5.670008618821390650e-02
