1.540083097415464184e-03
3.526395399979511628e-03
2.261651517864799593e-02
7.961933443811523847e-02
1.657435454973013034e-01
1.977930696476190298e-01
1.028054829162560052e-01
8.601561545616319415e-02
1.431536856030316551e-01
1.345539010763738830e-01
1.341145825005085890e-01
1.294044950275796413e-01
1.167610051374515096e-01
8.024030384085518997e-02
9.239215181911607233e-02
1.477028541369357906e-01
1.556866054246273667e-01
1.605971011467713094e-01
1.595832131076394544e-01
1.475330501031182073e-01
1.086439774278682158e-01
1.159741806319129764e-01
1.590451712562988007e-01
1.573036926769136035e-01
1.476140031890079973e-01
1.418880532114376591e-01
1.261959885746307686e-01
8.957360230429481374e-02
8.774129831147231551e-02
1.158428786755307666e-01
1.085274839628073001e-01
9.708644356796897190e-02
8.663263592788413014e-02
7.278570930971149655e-02
5.338461121329565739e-02
5.139336274695784773e-02
6.182545126643810424e-02
5.570065925594737399e-02
4.757178475330704065e-02
4.246976587674093639e-02
3.511685631933684354e-02
2.903747701556477767e-02
2.949654024652515610e-02
3.146212066123937889e-02
2.859519674143520818e-02
2.553181350343508571e-02
2.315455702998865314e-02
1.974761679333431399e-02
1.844841848807870360e-02
1.836055477290564342e-02
1.867844371993626976e-02
1.787878518858593627e-02
1.622714478988332432e-02
1.594084729100480810e-02
1.387950529907949412e-02
1.407596461727544240e-02
1.468607445971310821e-02
1.499014214817718724e-02
1.491313799330641274e-02
1.437410890921099992e-02
1.436917274543723227e-02
1.319831469829957880e-02
1.350830578329217761e-02
1.480947855405729402e-02
1.600008125629001979e-02
1.590629414458843635e-02
1.569403910231643301e-02
1.585397080858650179e-02
1.344314842147844614e-02
1.422108783222420479e-02
1.557853287001027300e-02
1.631895743607540000e-02
1.650751889223332075e-02
1.632191913433965816e-02
1.633968932392522444e-02
1.421121550467667298e-02
1.462387879616363663e-02
1.693992683881535150e-02
1.789556814541674173e-02
1.871793303012641088e-02
1.856589918589437310e-02
1.887786473639647966e-02
1.741972195762555783e-02
1.838424835901972601e-02
2.134693385603498791e-02
2.358104158004216411e-02
2.630382951765232805e-02
2.779257651182060959e-02
2.912830242900209948e-02
3.017674361455031581e-02
2.762178524524825166e-02
2.650917393064105426e-02
3.126368687753392633e-02
3.322038219745536425e-02
3.554235363663560410e-02
3.744178945678134501e-02
3.770143167128151701e-02
3.358072215294039681e-02
3.158355029007406389e-02
3.789690375672270795e-02
4.170268602629745996e-02
4.497437537555057374e-02
4.832701781069346364e-02
4.870808965402832064e-02
4.396542350019248813e-02
4.145094167383531897e-02
4.764780167542305434e-02
5.353269612650868314e-02
5.751321859367480166e-02
6.122620098430273800e-02
6.162504301722314393e-02
5.651512627861901561e-02
5.269058658670394690e-02
6.016097684192370926e-02
6.700348706512022912e-02
7.058220580110168008e-02
7.370778470265126892e-02
7.381736753842890741e-02
6.709628694406705174e-02
6.357877663888032715e-02
7.187350624431924906e-02
7.761327748045612762e-02
7.846032318403463324e-02
7.933599863750098735e-02
7.833000846040717724e-02
6.961076877042422784e-02
6.528965100286815426e-02
7.047064849981451995e-02
7.507510206798487240e-02
7.513137433500581552e-02
7.699230807771617613e-02
7.469896638842378478e-02
6.863933173974677560e-02
6.355705751827575578e-02
6.460451147106922865e-02
6.907865031561209734e-02
6.964433468408584571e-02
6.886244634232108197e-02
6.748723111494944749e-02
6.440114152358999977e-02
5.955481593050505201e-02
5.669381540722940455e-02
5.937810126740417083e-02
6.100999701101170875e-02
5.858831506360137609e-02
5.660891339032059905e-02
5.648649652873116711e-02
5.544891490348523300e-02
4.962522888319432363e-02
4.686887503192253834e-02
4.857777493040085770e-02
5.137855425563653960e-02
5.200051089113124497e-02
5.229470625204779566e-02
5.149800941896171685e-02
4.841488152586653076e-02
4.320722874454180351e-02
4.451827384285445000e-02
4.969828410704608262e-02
5.182873239180414010e-02
5.321678164498756108e-02
5.544299150695671669e-02
5.568387629911656506e-02
5.324837309313967815e-02
5.180800050395431566e-02
5.741745701646372435e-02
6.670336830767516212e-02
6.974305795956120546e-02
6.883579105794272734e-02
6.817928127603165023e-02
7.063452913710360770e-02
6.221047204079196979e-02
6.811412391421792223e-02
7.499217451658557465e-02
8.325926160489140193e-02
8.348435067297521606e-02
8.299468322661747444e-02
7.630223238214346726e-02
7.453804744939895865e-02
7.003231715670397983e-02
7.251619476766378580e-02
7.695183153477126725e-02
8.004976791918777534e-02
7.997769992809075634e-02
7.461505160426973315e-02
7.487074488775088965e-02
7.499020005107606690e-02
7.609096457262622126e-02
8.527617812285281929e-02
8.397500535208769767e-02
7.953245795569693910e-02
7.305324938624969955e-02
7.135619628082842669e-02
6.879531451499783234e-02
6.756028633880120648e-02
7.116171142814198269e-02
6.856232758487600110e-02
6.347314273412170416e-02
5.660792615756584517e-02
5.077338057697264317e-02
4.628739493937272798e-02
4.455085252376131399e-02
4.295153546106064701e-02
3.893744708023290368e-02
3.595797862638683284e-02
3.117779762787037043e-02
2.931686388516002023e-02
2.865936687049418230e-02
2.912435349798308398e-02
2.550811991732100659e-02
2.283864254846753108e-02
2.095895138341686073e-02
1.825294640263751267e-02
1.725287962207221193e-02
1.834475904882958835e-02
1.842768660022888264e-02
1.661315279699194375e-02
1.532283958652911476e-02
1.444420243479849902e-02
1.323286784471595055e-02
1.402067958300924622e-02
1.467126596839180355e-02
1.231770308105945358e-02
1.132652139528693598e-02
1.015566334814928251e-02
9.868378616516014154e-03
1.007076133124048048e-02
1.036791839042128585e-02
9.734114961869537452e-03
9.949331702405800684e-03
9.235562420719017895e-03
8.243393502191748157e-03
7.599717746092464477e-03
7.409181824425037713e-03
7.484211513786304462e-03
7.557266737638064329e-03
7.586883720280668437e-03
6.784263490666070720e-03
6.693438077228748041e-03
5.781235011836511825e-03
6.118868613962210462e-03
5.755566960212921482e-03
5.789132873874539356e-03
5.314273918838104994e-03
4.994410506297970037e-03
4.992436040788463154e-03
5.102018876566102520e-03
5.447550340729828688e-03
5.708179787984752826e-03
6.401217181821712045e-03
7.945249210256190645e-03
1.063447123420473150e-02
1.520437165595869659e-02
1.902989858062851744e-02
1.366922472231699853e-02
